
-----1-----
[1 0 0 0 0]
[0 1 0 0 0]
[0 0 1 0 0]
[0 0 0 1 0]
[0 0 0 0 1]

-----2-----
[0 0 0 0 1]
[1 0 0 0 1]
[0 1 0 0 1]
[0 0 1 0 0]
[0 0 0 1 1]

-----3-----
[1 0 0 0 1]
[1 1 0 0 1]
[0 1 1 0 1]
[0 0 1 1 0]
[0 0 0 1 0]

-----4-----
[0 0 0 1 1]
[0 0 0 1 0]
[1 0 0 1 0]
[0 1 0 0 1]
[0 0 1 1 1]

-----5-----
[1 0 0 1 1]
[0 1 0 1 0]
[1 0 1 1 0]
[0 1 0 1 1]
[0 0 1 1 0]

-----6-----
[0 0 0 1 0]
[1 0 0 1 1]
[1 1 0 1 1]
[0 1 1 0 1]
[0 0 1 0 0]

-----7-----
[1 0 0 1 0]
[1 1 0 1 1]
[1 1 1 1 1]
[0 1 1 1 1]
[0 0 1 0 1]

-----8-----
[0 0 1 1 1]
[0 0 1 0 0]
[0 0 1 0 1]
[1 0 0 1 0]
[0 1 1 1 0]

-----9-----
[1 0 1 1 1]
[0 1 1 0 0]
[0 0 0 0 1]
[1 0 0 0 0]
[0 1 1 1 1]

-----10-----
[0 0 1 1 0]
[1 0 1 0 1]
[0 1 1 0 0]
[1 0 1 1 0]
[0 1 1 0 1]

-----11-----
[1 0 1 1 0]
[1 1 1 0 1]
[0 1 0 0 0]
[1 0 1 0 0]
[0 1 1 0 0]

-----12-----
[0 0 1 0 0]
[0 0 1 1 0]
[1 0 1 1 1]
[1 1 0 1 1]
[0 1 0 0 1]

-----13-----
[1 0 1 0 0]
[0 1 1 1 0]
[1 0 0 1 1]
[1 1 0 0 1]
[0 1 0 0 0]

-----14-----
[0 0 1 0 1]
[1 0 1 1 1]
[1 1 1 1 0]
[1 1 1 1 1]
[0 1 0 1 0]

-----15-----
[1 0 1 0 1]
[1 1 1 1 1]
[1 1 0 1 0]
[1 1 1 0 1]
[0 1 0 1 1]

-----16-----
[0 1 1 1 0]
[0 1 0 0 1]
[0 1 0 1 0]
[0 0 1 0 1]
[1 1 1 0 0]

-----17-----
[1 1 1 1 0]
[0 0 0 0 1]
[0 1 1 1 0]
[0 0 1 1 1]
[1 1 1 0 1]

-----18-----
[0 1 1 1 1]
[1 1 0 0 0]
[0 0 0 1 1]
[0 0 0 0 1]
[1 1 1 1 1]

-----19-----
[1 1 1 1 1]
[1 0 0 0 0]
[0 0 1 1 1]
[0 0 0 1 1]
[1 1 1 1 0]

-----20-----
[0 1 1 0 1]
[0 1 0 1 1]
[1 1 0 0 0]
[0 1 1 0 0]
[1 1 0 1 1]

-----21-----
[1 1 1 0 1]
[0 0 0 1 1]
[1 1 1 0 0]
[0 1 1 1 0]
[1 1 0 1 0]

-----22-----
[0 1 1 0 0]
[1 1 0 1 0]
[1 0 0 0 1]
[0 1 0 0 0]
[1 1 0 0 0]

-----23-----
[1 1 1 0 0]
[1 0 0 1 0]
[1 0 1 0 1]
[0 1 0 1 0]
[1 1 0 0 1]

-----24-----
[0 1 0 0 1]
[0 1 1 0 1]
[0 1 1 1 1]
[1 0 1 1 1]
[1 0 0 1 0]

-----25-----
[1 1 0 0 1]
[0 0 1 0 1]
[0 1 0 1 1]
[1 0 1 0 1]
[1 0 0 1 1]

-----26-----
[0 1 0 0 0]
[1 1 1 0 0]
[0 0 1 1 0]
[1 0 0 1 1]
[1 0 0 0 1]

-----27-----
[1 1 0 0 0]
[1 0 1 0 0]
[0 0 0 1 0]
[1 0 0 0 1]
[1 0 0 0 0]

-----28-----
[0 1 0 1 0]
[0 1 1 1 1]
[1 1 1 0 1]
[1 1 1 1 0]
[1 0 1 0 1]

-----29-----
[1 1 0 1 0]
[0 0 1 1 1]
[1 1 0 0 1]
[1 1 1 0 0]
[1 0 1 0 0]

-----30-----
[0 1 0 1 1]
[1 1 1 1 0]
[1 0 1 0 0]
[1 1 0 1 0]
[1 0 1 1 0]

-----31-----
[1 1 0 1 1]
[1 0 1 1 0]
[1 0 0 0 0]
[1 1 0 0 0]
[1 0 1 1 1]
