
-----1-----
[1 0 0 0 0 0 0 0]
[0 1 0 0 0 0 0 0]
[0 0 1 0 0 0 0 0]
[0 0 0 1 0 0 0 0]
[0 0 0 0 1 0 0 0]
[0 0 0 0 0 1 0 0]
[0 0 0 0 0 0 1 0]
[0 0 0 0 0 0 0 1]

-----2-----
[0 0 0 0 0 0 0 1]
[1 0 0 0 0 0 0 1]
[0 1 0 0 0 0 0 0]
[0 0 1 0 0 0 0 0]
[0 0 0 1 0 0 0 0]
[0 0 0 0 1 0 0 1]
[0 0 0 0 0 1 0 1]
[0 0 0 0 0 0 1 0]

-----3-----
[1 0 0 0 0 0 0 1]
[1 1 0 0 0 0 0 1]
[0 1 1 0 0 0 0 0]
[0 0 1 1 0 0 0 0]
[0 0 0 1 1 0 0 0]
[0 0 0 0 1 1 0 1]
[0 0 0 0 0 1 1 1]
[0 0 0 0 0 0 1 1]

-----4-----
[0 0 0 0 0 0 1 0]
[0 0 0 0 0 0 1 1]
[1 0 0 0 0 0 0 1]
[0 1 0 0 0 0 0 0]
[0 0 1 0 0 0 0 0]
[0 0 0 1 0 0 1 0]
[0 0 0 0 1 0 1 1]
[0 0 0 0 0 1 0 1]

-----5-----
[1 0 0 0 0 0 1 0]
[0 1 0 0 0 0 1 1]
[1 0 1 0 0 0 0 1]
[0 1 0 1 0 0 0 0]
[0 0 1 0 1 0 0 0]
[0 0 0 1 0 1 1 0]
[0 0 0 0 1 0 0 1]
[0 0 0 0 0 1 0 0]

-----6-----
[0 0 0 0 0 0 1 1]
[1 0 0 0 0 0 1 0]
[1 1 0 0 0 0 0 1]
[0 1 1 0 0 0 0 0]
[0 0 1 1 0 0 0 0]
[0 0 0 1 1 0 1 1]
[0 0 0 0 1 1 1 0]
[0 0 0 0 0 1 1 1]

-----7-----
[1 0 0 0 0 0 1 1]
[1 1 0 0 0 0 1 0]
[1 1 1 0 0 0 0 1]
[0 1 1 1 0 0 0 0]
[0 0 1 1 1 0 0 0]
[0 0 0 1 1 1 1 1]
[0 0 0 0 1 1 0 0]
[0 0 0 0 0 1 1 0]

-----8-----
[0 0 0 0 0 1 0 1]
[0 0 0 0 0 1 1 1]
[0 0 0 0 0 0 1 1]
[1 0 0 0 0 0 0 1]
[0 1 0 0 0 0 0 0]
[0 0 1 0 0 1 0 1]
[0 0 0 1 0 1 1 1]
[0 0 0 0 1 0 1 1]

-----9-----
[1 0 0 0 0 1 0 1]
[0 1 0 0 0 1 1 1]
[0 0 1 0 0 0 1 1]
[1 0 0 1 0 0 0 1]
[0 1 0 0 1 0 0 0]
[0 0 1 0 0 0 0 1]
[0 0 0 1 0 1 0 1]
[0 0 0 0 1 0 1 0]

-----10-----
[0 0 0 0 0 1 0 0]
[1 0 0 0 0 1 1 0]
[0 1 0 0 0 0 1 1]
[1 0 1 0 0 0 0 1]
[0 1 0 1 0 0 0 0]
[0 0 1 0 1 1 0 0]
[0 0 0 1 0 0 1 0]
[0 0 0 0 1 0 0 1]

-----11-----
[1 0 0 0 0 1 0 0]
[1 1 0 0 0 1 1 0]
[0 1 1 0 0 0 1 1]
[1 0 1 1 0 0 0 1]
[0 1 0 1 1 0 0 0]
[0 0 1 0 1 0 0 0]
[0 0 0 1 0 0 0 0]
[0 0 0 0 1 0 0 0]

-----12-----
[0 0 0 0 0 1 1 1]
[0 0 0 0 0 1 0 0]
[1 0 0 0 0 0 1 0]
[1 1 0 0 0 0 0 1]
[0 1 1 0 0 0 0 0]
[0 0 1 1 0 1 1 1]
[0 0 0 1 1 1 0 0]
[0 0 0 0 1 1 1 0]

-----13-----
[1 0 0 0 0 1 1 1]
[0 1 0 0 0 1 0 0]
[1 0 1 0 0 0 1 0]
[1 1 0 1 0 0 0 1]
[0 1 1 0 1 0 0 0]
[0 0 1 1 0 0 1 1]
[0 0 0 1 1 1 1 0]
[0 0 0 0 1 1 1 1]

-----14-----
[0 0 0 0 0 1 1 0]
[1 0 0 0 0 1 0 1]
[1 1 0 0 0 0 1 0]
[1 1 1 0 0 0 0 1]
[0 1 1 1 0 0 0 0]
[0 0 1 1 1 1 1 0]
[0 0 0 1 1 0 0 1]
[0 0 0 0 1 1 0 0]

-----15-----
[1 0 0 0 0 1 1 0]
[1 1 0 0 0 1 0 1]
[1 1 1 0 0 0 1 0]
[1 1 1 1 0 0 0 1]
[0 1 1 1 1 0 0 0]
[0 0 1 1 1 0 1 0]
[0 0 0 1 1 0 1 1]
[0 0 0 0 1 1 0 1]

-----16-----
[0 0 0 0 1 0 1 1]
[0 0 0 0 1 1 1 0]
[0 0 0 0 0 1 1 1]
[0 0 0 0 0 0 1 1]
[1 0 0 0 0 0 0 1]
[0 1 0 0 1 0 1 1]
[0 0 1 0 1 1 1 0]
[0 0 0 1 0 1 1 1]

-----17-----
[1 0 0 0 1 0 1 1]
[0 1 0 0 1 1 1 0]
[0 0 1 0 0 1 1 1]
[0 0 0 1 0 0 1 1]
[1 0 0 0 1 0 0 1]
[0 1 0 0 1 1 1 1]
[0 0 1 0 1 1 0 0]
[0 0 0 1 0 1 1 0]

-----18-----
[0 0 0 0 1 0 1 0]
[1 0 0 0 1 1 1 1]
[0 1 0 0 0 1 1 1]
[0 0 1 0 0 0 1 1]
[1 0 0 1 0 0 0 1]
[0 1 0 0 0 0 1 0]
[0 0 1 0 1 0 1 1]
[0 0 0 1 0 1 0 1]

-----19-----
[1 0 0 0 1 0 1 0]
[1 1 0 0 1 1 1 1]
[0 1 1 0 0 1 1 1]
[0 0 1 1 0 0 1 1]
[1 0 0 1 1 0 0 1]
[0 1 0 0 0 1 1 0]
[0 0 1 0 1 0 0 1]
[0 0 0 1 0 1 0 0]

-----20-----
[0 0 0 0 1 0 0 1]
[0 0 0 0 1 1 0 1]
[1 0 0 0 0 1 1 0]
[0 1 0 0 0 0 1 1]
[1 0 1 0 0 0 0 1]
[0 1 0 1 1 0 0 1]
[0 0 1 0 0 1 0 1]
[0 0 0 1 0 0 1 0]

-----21-----
[1 0 0 0 1 0 0 1]
[0 1 0 0 1 1 0 1]
[1 0 1 0 0 1 1 0]
[0 1 0 1 0 0 1 1]
[1 0 1 0 1 0 0 1]
[0 1 0 1 1 1 0 1]
[0 0 1 0 0 1 1 1]
[0 0 0 1 0 0 1 1]

-----22-----
[0 0 0 0 1 0 0 0]
[1 0 0 0 1 1 0 0]
[1 1 0 0 0 1 1 0]
[0 1 1 0 0 0 1 1]
[1 0 1 1 0 0 0 1]
[0 1 0 1 0 0 0 0]
[0 0 1 0 0 0 0 0]
[0 0 0 1 0 0 0 0]

-----23-----
[1 0 0 0 1 0 0 0]
[1 1 0 0 1 1 0 0]
[1 1 1 0 0 1 1 0]
[0 1 1 1 0 0 1 1]
[1 0 1 1 1 0 0 1]
[0 1 0 1 0 1 0 0]
[0 0 1 0 0 0 1 0]
[0 0 0 1 0 0 0 1]

-----24-----
[0 0 0 0 1 1 1 0]
[0 0 0 0 1 0 0 1]
[0 0 0 0 0 1 0 0]
[1 0 0 0 0 0 1 0]
[1 1 0 0 0 0 0 1]
[0 1 1 0 1 1 1 0]
[0 0 1 1 1 0 0 1]
[0 0 0 1 1 1 0 0]

-----25-----
[1 0 0 0 1 1 1 0]
[0 1 0 0 1 0 0 1]
[0 0 1 0 0 1 0 0]
[1 0 0 1 0 0 1 0]
[1 1 0 0 1 0 0 1]
[0 1 1 0 1 0 1 0]
[0 0 1 1 1 0 1 1]
[0 0 0 1 1 1 0 1]

-----26-----
[0 0 0 0 1 1 1 1]
[1 0 0 0 1 0 0 0]
[0 1 0 0 0 1 0 0]
[1 0 1 0 0 0 1 0]
[1 1 0 1 0 0 0 1]
[0 1 1 0 0 1 1 1]
[0 0 1 1 1 1 0 0]
[0 0 0 1 1 1 1 0]

-----27-----
[1 0 0 0 1 1 1 1]
[1 1 0 0 1 0 0 0]
[0 1 1 0 0 1 0 0]
[1 0 1 1 0 0 1 0]
[1 1 0 1 1 0 0 1]
[0 1 1 0 0 0 1 1]
[0 0 1 1 1 1 1 0]
[0 0 0 1 1 1 1 1]

-----28-----
[0 0 0 0 1 1 0 0]
[0 0 0 0 1 0 1 0]
[1 0 0 0 0 1 0 1]
[1 1 0 0 0 0 1 0]
[1 1 1 0 0 0 0 1]
[0 1 1 1 1 1 0 0]
[0 0 1 1 0 0 1 0]
[0 0 0 1 1 0 0 1]

-----29-----
[1 0 0 0 1 1 0 0]
[0 1 0 0 1 0 1 0]
[1 0 1 0 0 1 0 1]
[1 1 0 1 0 0 1 0]
[1 1 1 0 1 0 0 1]
[0 1 1 1 1 0 0 0]
[0 0 1 1 0 0 0 0]
[0 0 0 1 1 0 0 0]

-----30-----
[0 0 0 0 1 1 0 1]
[1 0 0 0 1 0 1 1]
[1 1 0 0 0 1 0 1]
[1 1 1 0 0 0 1 0]
[1 1 1 1 0 0 0 1]
[0 1 1 1 0 1 0 1]
[0 0 1 1 0 1 1 1]
[0 0 0 1 1 0 1 1]

-----31-----
[1 0 0 0 1 1 0 1]
[1 1 0 0 1 0 1 1]
[1 1 1 0 0 1 0 1]
[1 1 1 1 0 0 1 0]
[1 1 1 1 1 0 0 1]
[0 1 1 1 0 0 0 1]
[0 0 1 1 0 1 0 1]
[0 0 0 1 1 0 1 0]

-----32-----
[0 0 0 1 0 1 1 1]
[0 0 0 1 1 1 0 0]
[0 0 0 0 1 1 1 0]
[0 0 0 0 0 1 1 1]
[0 0 0 0 0 0 1 1]
[1 0 0 1 0 1 1 0]
[0 1 0 1 1 1 0 0]
[0 0 1 0 1 1 1 0]

-----33-----
[1 0 0 1 0 1 1 1]
[0 1 0 1 1 1 0 0]
[0 0 1 0 1 1 1 0]
[0 0 0 1 0 1 1 1]
[0 0 0 0 1 0 1 1]
[1 0 0 1 0 0 1 0]
[0 1 0 1 1 1 1 0]
[0 0 1 0 1 1 1 1]

-----34-----
[0 0 0 1 0 1 1 0]
[1 0 0 1 1 1 0 1]
[0 1 0 0 1 1 1 0]
[0 0 1 0 0 1 1 1]
[0 0 0 1 0 0 1 1]
[1 0 0 1 1 1 1 1]
[0 1 0 1 1 0 0 1]
[0 0 1 0 1 1 0 0]

-----35-----
[1 0 0 1 0 1 1 0]
[1 1 0 1 1 1 0 1]
[0 1 1 0 1 1 1 0]
[0 0 1 1 0 1 1 1]
[0 0 0 1 1 0 1 1]
[1 0 0 1 1 0 1 1]
[0 1 0 1 1 0 1 1]
[0 0 1 0 1 1 0 1]

-----36-----
[0 0 0 1 0 1 0 1]
[0 0 0 1 1 1 1 1]
[1 0 0 0 1 1 1 1]
[0 1 0 0 0 1 1 1]
[0 0 1 0 0 0 1 1]
[1 0 0 0 0 1 0 0]
[0 1 0 1 0 1 1 1]
[0 0 1 0 1 0 1 1]

-----37-----
[1 0 0 1 0 1 0 1]
[0 1 0 1 1 1 1 1]
[1 0 1 0 1 1 1 1]
[0 1 0 1 0 1 1 1]
[0 0 1 0 1 0 1 1]
[1 0 0 0 0 0 0 0]
[0 1 0 1 0 1 0 1]
[0 0 1 0 1 0 1 0]

-----38-----
[0 0 0 1 0 1 0 0]
[1 0 0 1 1 1 1 0]
[1 1 0 0 1 1 1 1]
[0 1 1 0 0 1 1 1]
[0 0 1 1 0 0 1 1]
[1 0 0 0 1 1 0 1]
[0 1 0 1 0 0 1 0]
[0 0 1 0 1 0 0 1]

-----39-----
[1 0 0 1 0 1 0 0]
[1 1 0 1 1 1 1 0]
[1 1 1 0 1 1 1 1]
[0 1 1 1 0 1 1 1]
[0 0 1 1 1 0 1 1]
[1 0 0 0 1 0 0 1]
[0 1 0 1 0 0 0 0]
[0 0 1 0 1 0 0 0]

-----40-----
[0 0 0 1 0 0 1 0]
[0 0 0 1 1 0 1 1]
[0 0 0 0 1 1 0 1]
[1 0 0 0 0 1 1 0]
[0 1 0 0 0 0 1 1]
[1 0 1 1 0 0 1 1]
[0 1 0 0 1 0 1 1]
[0 0 1 0 0 1 0 1]

-----41-----
[1 0 0 1 0 0 1 0]
[0 1 0 1 1 0 1 1]
[0 0 1 0 1 1 0 1]
[1 0 0 1 0 1 1 0]
[0 1 0 0 1 0 1 1]
[1 0 1 1 0 1 1 1]
[0 1 0 0 1 0 0 1]
[0 0 1 0 0 1 0 0]

-----42-----
[0 0 0 1 0 0 1 1]
[1 0 0 1 1 0 1 0]
[0 1 0 0 1 1 0 1]
[1 0 1 0 0 1 1 0]
[0 1 0 1 0 0 1 1]
[1 0 1 1 1 0 1 0]
[0 1 0 0 1 1 1 0]
[0 0 1 0 0 1 1 1]

-----43-----
[1 0 0 1 0 0 1 1]
[1 1 0 1 1 0 1 0]
[0 1 1 0 1 1 0 1]
[1 0 1 1 0 1 1 0]
[0 1 0 1 1 0 1 1]
[1 0 1 1 1 1 1 0]
[0 1 0 0 1 1 0 0]
[0 0 1 0 0 1 1 0]

-----44-----
[0 0 0 1 0 0 0 0]
[0 0 0 1 1 0 0 0]
[1 0 0 0 1 1 0 0]
[1 1 0 0 0 1 1 0]
[0 1 1 0 0 0 1 1]
[1 0 1 0 0 0 0 1]
[0 1 0 0 0 0 0 0]
[0 0 1 0 0 0 0 0]

-----45-----
[1 0 0 1 0 0 0 0]
[0 1 0 1 1 0 0 0]
[1 0 1 0 1 1 0 0]
[1 1 0 1 0 1 1 0]
[0 1 1 0 1 0 1 1]
[1 0 1 0 0 1 0 1]
[0 1 0 0 0 0 1 0]
[0 0 1 0 0 0 0 1]

-----46-----
[0 0 0 1 0 0 0 1]
[1 0 0 1 1 0 0 1]
[1 1 0 0 1 1 0 0]
[1 1 1 0 0 1 1 0]
[0 1 1 1 0 0 1 1]
[1 0 1 0 1 0 0 0]
[0 1 0 0 0 1 0 1]
[0 0 1 0 0 0 1 0]

-----47-----
[1 0 0 1 0 0 0 1]
[1 1 0 1 1 0 0 1]
[1 1 1 0 1 1 0 0]
[1 1 1 1 0 1 1 0]
[0 1 1 1 1 0 1 1]
[1 0 1 0 1 1 0 0]
[0 1 0 0 0 1 1 1]
[0 0 1 0 0 0 1 1]

-----48-----
[0 0 0 1 1 1 0 0]
[0 0 0 1 0 0 1 0]
[0 0 0 0 1 0 0 1]
[0 0 0 0 0 1 0 0]
[1 0 0 0 0 0 1 0]
[1 1 0 1 1 1 0 1]
[0 1 1 1 0 0 1 0]
[0 0 1 1 1 0 0 1]

-----49-----
[1 0 0 1 1 1 0 0]
[0 1 0 1 0 0 1 0]
[0 0 1 0 1 0 0 1]
[0 0 0 1 0 1 0 0]
[1 0 0 0 1 0 1 0]
[1 1 0 1 1 0 0 1]
[0 1 1 1 0 0 0 0]
[0 0 1 1 1 0 0 0]

-----50-----
[0 0 0 1 1 1 0 1]
[1 0 0 1 0 0 1 1]
[0 1 0 0 1 0 0 1]
[0 0 1 0 0 1 0 0]
[1 0 0 1 0 0 1 0]
[1 1 0 1 0 1 0 0]
[0 1 1 1 0 1 1 1]
[0 0 1 1 1 0 1 1]

-----51-----
[1 0 0 1 1 1 0 1]
[1 1 0 1 0 0 1 1]
[0 1 1 0 1 0 0 1]
[0 0 1 1 0 1 0 0]
[1 0 0 1 1 0 1 0]
[1 1 0 1 0 0 0 0]
[0 1 1 1 0 1 0 1]
[0 0 1 1 1 0 1 0]

-----52-----
[0 0 0 1 1 1 1 0]
[0 0 0 1 0 0 0 1]
[1 0 0 0 1 0 0 0]
[0 1 0 0 0 1 0 0]
[1 0 1 0 0 0 1 0]
[1 1 0 0 1 1 1 1]
[0 1 1 1 1 0 0 1]
[0 0 1 1 1 1 0 0]

-----53-----
[1 0 0 1 1 1 1 0]
[0 1 0 1 0 0 0 1]
[1 0 1 0 1 0 0 0]
[0 1 0 1 0 1 0 0]
[1 0 1 0 1 0 1 0]
[1 1 0 0 1 0 1 1]
[0 1 1 1 1 0 1 1]
[0 0 1 1 1 1 0 1]

-----54-----
[0 0 0 1 1 1 1 1]
[1 0 0 1 0 0 0 0]
[1 1 0 0 1 0 0 0]
[0 1 1 0 0 1 0 0]
[1 0 1 1 0 0 1 0]
[1 1 0 0 0 1 1 0]
[0 1 1 1 1 1 0 0]
[0 0 1 1 1 1 1 0]

-----55-----
[1 0 0 1 1 1 1 1]
[1 1 0 1 0 0 0 0]
[1 1 1 0 1 0 0 0]
[0 1 1 1 0 1 0 0]
[1 0 1 1 1 0 1 0]
[1 1 0 0 0 0 1 0]
[0 1 1 1 1 1 1 0]
[0 0 1 1 1 1 1 1]

-----56-----
[0 0 0 1 1 0 0 1]
[0 0 0 1 0 1 0 1]
[0 0 0 0 1 0 1 0]
[1 0 0 0 0 1 0 1]
[1 1 0 0 0 0 1 0]
[1 1 1 1 1 0 0 0]
[0 1 1 0 0 1 0 1]
[0 0 1 1 0 0 1 0]

-----57-----
[1 0 0 1 1 0 0 1]
[0 1 0 1 0 1 0 1]
[0 0 1 0 1 0 1 0]
[1 0 0 1 0 1 0 1]
[1 1 0 0 1 0 1 0]
[1 1 1 1 1 1 0 0]
[0 1 1 0 0 1 1 1]
[0 0 1 1 0 0 1 1]

-----58-----
[0 0 0 1 1 0 0 0]
[1 0 0 1 0 1 0 0]
[0 1 0 0 1 0 1 0]
[1 0 1 0 0 1 0 1]
[1 1 0 1 0 0 1 0]
[1 1 1 1 0 0 0 1]
[0 1 1 0 0 0 0 0]
[0 0 1 1 0 0 0 0]

-----59-----
[1 0 0 1 1 0 0 0]
[1 1 0 1 0 1 0 0]
[0 1 1 0 1 0 1 0]
[1 0 1 1 0 1 0 1]
[1 1 0 1 1 0 1 0]
[1 1 1 1 0 1 0 1]
[0 1 1 0 0 0 1 0]
[0 0 1 1 0 0 0 1]

-----60-----
[0 0 0 1 1 0 1 1]
[0 0 0 1 0 1 1 0]
[1 0 0 0 1 0 1 1]
[1 1 0 0 0 1 0 1]
[1 1 1 0 0 0 1 0]
[1 1 1 0 1 0 1 0]
[0 1 1 0 1 1 1 0]
[0 0 1 1 0 1 1 1]

-----61-----
[1 0 0 1 1 0 1 1]
[0 1 0 1 0 1 1 0]
[1 0 1 0 1 0 1 1]
[1 1 0 1 0 1 0 1]
[1 1 1 0 1 0 1 0]
[1 1 1 0 1 1 1 0]
[0 1 1 0 1 1 0 0]
[0 0 1 1 0 1 1 0]

-----62-----
[0 0 0 1 1 0 1 0]
[1 0 0 1 0 1 1 1]
[1 1 0 0 1 0 1 1]
[1 1 1 0 0 1 0 1]
[1 1 1 1 0 0 1 0]
[1 1 1 0 0 0 1 1]
[0 1 1 0 1 0 1 1]
[0 0 1 1 0 1 0 1]

-----63-----
[1 0 0 1 1 0 1 0]
[1 1 0 1 0 1 1 1]
[1 1 1 0 1 0 1 1]
[1 1 1 1 0 1 0 1]
[1 1 1 1 1 0 1 0]
[1 1 1 0 0 1 1 1]
[0 1 1 0 1 0 0 1]
[0 0 1 1 0 1 0 0]

-----64-----
[0 0 1 0 1 1 1 0]
[0 0 1 1 1 0 0 1]
[0 0 0 1 1 1 0 0]
[0 0 0 0 1 1 1 0]
[0 0 0 0 0 1 1 1]
[0 0 1 0 1 1 0 1]
[1 0 1 1 1 0 0 0]
[0 1 0 1 1 1 0 0]

-----65-----
[1 0 1 0 1 1 1 0]
[0 1 1 1 1 0 0 1]
[0 0 1 1 1 1 0 0]
[0 0 0 1 1 1 1 0]
[0 0 0 0 1 1 1 1]
[0 0 1 0 1 0 0 1]
[1 0 1 1 1 0 1 0]
[0 1 0 1 1 1 0 1]

-----66-----
[0 0 1 0 1 1 1 1]
[1 0 1 1 1 0 0 0]
[0 1 0 1 1 1 0 0]
[0 0 1 0 1 1 1 0]
[0 0 0 1 0 1 1 1]
[0 0 1 0 0 1 0 0]
[1 0 1 1 1 1 0 1]
[0 1 0 1 1 1 1 0]

-----67-----
[1 0 1 0 1 1 1 1]
[1 1 1 1 1 0 0 0]
[0 1 1 1 1 1 0 0]
[0 0 1 1 1 1 1 0]
[0 0 0 1 1 1 1 1]
[0 0 1 0 0 0 0 0]
[1 0 1 1 1 1 1 1]
[0 1 0 1 1 1 1 1]

-----68-----
[0 0 1 0 1 1 0 0]
[0 0 1 1 1 0 1 0]
[1 0 0 1 1 1 0 1]
[0 1 0 0 1 1 1 0]
[0 0 1 0 0 1 1 1]
[0 0 1 1 1 1 1 1]
[1 0 1 1 0 0 1 1]
[0 1 0 1 1 0 0 1]

-----69-----
[1 0 1 0 1 1 0 0]
[0 1 1 1 1 0 1 0]
[1 0 1 1 1 1 0 1]
[0 1 0 1 1 1 1 0]
[0 0 1 0 1 1 1 1]
[0 0 1 1 1 0 1 1]
[1 0 1 1 0 0 0 1]
[0 1 0 1 1 0 0 0]

-----70-----
[0 0 1 0 1 1 0 1]
[1 0 1 1 1 0 1 1]
[1 1 0 1 1 1 0 1]
[0 1 1 0 1 1 1 0]
[0 0 1 1 0 1 1 1]
[0 0 1 1 0 1 1 0]
[1 0 1 1 0 1 1 0]
[0 1 0 1 1 0 1 1]

-----71-----
[1 0 1 0 1 1 0 1]
[1 1 1 1 1 0 1 1]
[1 1 1 1 1 1 0 1]
[0 1 1 1 1 1 1 0]
[0 0 1 1 1 1 1 1]
[0 0 1 1 0 0 1 0]
[1 0 1 1 0 1 0 0]
[0 1 0 1 1 0 1 0]

-----72-----
[0 0 1 0 1 0 1 1]
[0 0 1 1 1 1 1 0]
[0 0 0 1 1 1 1 1]
[1 0 0 0 1 1 1 1]
[0 1 0 0 0 1 1 1]
[0 0 0 0 1 0 0 0]
[1 0 1 0 1 1 1 1]
[0 1 0 1 0 1 1 1]

-----73-----
[1 0 1 0 1 0 1 1]
[0 1 1 1 1 1 1 0]
[0 0 1 1 1 1 1 1]
[1 0 0 1 1 1 1 1]
[0 1 0 0 1 1 1 1]
[0 0 0 0 1 1 0 0]
[1 0 1 0 1 1 0 1]
[0 1 0 1 0 1 1 0]

-----74-----
[0 0 1 0 1 0 1 0]
[1 0 1 1 1 1 1 1]
[0 1 0 1 1 1 1 1]
[1 0 1 0 1 1 1 1]
[0 1 0 1 0 1 1 1]
[0 0 0 0 0 0 0 1]
[1 0 1 0 1 0 1 0]
[0 1 0 1 0 1 0 1]

-----75-----
[1 0 1 0 1 0 1 0]
[1 1 1 1 1 1 1 1]
[0 1 1 1 1 1 1 1]
[1 0 1 1 1 1 1 1]
[0 1 0 1 1 1 1 1]
[0 0 0 0 0 1 0 1]
[1 0 1 0 1 0 0 0]
[0 1 0 1 0 1 0 0]

-----76-----
[0 0 1 0 1 0 0 1]
[0 0 1 1 1 1 0 1]
[1 0 0 1 1 1 1 0]
[1 1 0 0 1 1 1 1]
[0 1 1 0 0 1 1 1]
[0 0 0 1 1 0 1 0]
[1 0 1 0 0 1 0 0]
[0 1 0 1 0 0 1 0]

-----77-----
[1 0 1 0 1 0 0 1]
[0 1 1 1 1 1 0 1]
[1 0 1 1 1 1 1 0]
[1 1 0 1 1 1 1 1]
[0 1 1 0 1 1 1 1]
[0 0 0 1 1 1 1 0]
[1 0 1 0 0 1 1 0]
[0 1 0 1 0 0 1 1]

-----78-----
[0 0 1 0 1 0 0 0]
[1 0 1 1 1 1 0 0]
[1 1 0 1 1 1 1 0]
[1 1 1 0 1 1 1 1]
[0 1 1 1 0 1 1 1]
[0 0 0 1 0 0 1 1]
[1 0 1 0 0 0 0 1]
[0 1 0 1 0 0 0 0]

-----79-----
[1 0 1 0 1 0 0 0]
[1 1 1 1 1 1 0 0]
[1 1 1 1 1 1 1 0]
[1 1 1 1 1 1 1 1]
[0 1 1 1 1 1 1 1]
[0 0 0 1 0 1 1 1]
[1 0 1 0 0 0 1 1]
[0 1 0 1 0 0 0 1]

-----80-----
[0 0 1 0 0 1 0 1]
[0 0 1 1 0 1 1 1]
[0 0 0 1 1 0 1 1]
[0 0 0 0 1 1 0 1]
[1 0 0 0 0 1 1 0]
[0 1 1 0 0 1 1 0]
[1 0 0 1 0 1 1 0]
[0 1 0 0 1 0 1 1]

-----81-----
[1 0 1 0 0 1 0 1]
[0 1 1 1 0 1 1 1]
[0 0 1 1 1 0 1 1]
[0 0 0 1 1 1 0 1]
[1 0 0 0 1 1 1 0]
[0 1 1 0 0 0 1 0]
[1 0 0 1 0 1 0 0]
[0 1 0 0 1 0 1 0]

-----82-----
[0 0 1 0 0 1 0 0]
[1 0 1 1 0 1 1 0]
[0 1 0 1 1 0 1 1]
[0 0 1 0 1 1 0 1]
[1 0 0 1 0 1 1 0]
[0 1 1 0 1 1 1 1]
[1 0 0 1 0 0 1 1]
[0 1 0 0 1 0 0 1]

-----83-----
[1 0 1 0 0 1 0 0]
[1 1 1 1 0 1 1 0]
[0 1 1 1 1 0 1 1]
[0 0 1 1 1 1 0 1]
[1 0 0 1 1 1 1 0]
[0 1 1 0 1 0 1 1]
[1 0 0 1 0 0 0 1]
[0 1 0 0 1 0 0 0]

-----84-----
[0 0 1 0 0 1 1 1]
[0 0 1 1 0 1 0 0]
[1 0 0 1 1 0 1 0]
[0 1 0 0 1 1 0 1]
[1 0 1 0 0 1 1 0]
[0 1 1 1 0 1 0 0]
[1 0 0 1 1 1 0 1]
[0 1 0 0 1 1 1 0]

-----85-----
[1 0 1 0 0 1 1 1]
[0 1 1 1 0 1 0 0]
[1 0 1 1 1 0 1 0]
[0 1 0 1 1 1 0 1]
[1 0 1 0 1 1 1 0]
[0 1 1 1 0 0 0 0]
[1 0 0 1 1 1 1 1]
[0 1 0 0 1 1 1 1]

-----86-----
[0 0 1 0 0 1 1 0]
[1 0 1 1 0 1 0 1]
[1 1 0 1 1 0 1 0]
[0 1 1 0 1 1 0 1]
[1 0 1 1 0 1 1 0]
[0 1 1 1 1 1 0 1]
[1 0 0 1 1 0 0 0]
[0 1 0 0 1 1 0 0]

-----87-----
[1 0 1 0 0 1 1 0]
[1 1 1 1 0 1 0 1]
[1 1 1 1 1 0 1 0]
[0 1 1 1 1 1 0 1]
[1 0 1 1 1 1 1 0]
[0 1 1 1 1 0 0 1]
[1 0 0 1 1 0 1 0]
[0 1 0 0 1 1 0 1]

-----88-----
[0 0 1 0 0 0 0 0]
[0 0 1 1 0 0 0 0]
[0 0 0 1 1 0 0 0]
[1 0 0 0 1 1 0 0]
[1 1 0 0 0 1 1 0]
[0 1 0 0 0 0 1 1]
[1 0 0 0 0 0 0 1]
[0 1 0 0 0 0 0 0]

-----89-----
[1 0 1 0 0 0 0 0]
[0 1 1 1 0 0 0 0]
[0 0 1 1 1 0 0 0]
[1 0 0 1 1 1 0 0]
[1 1 0 0 1 1 1 0]
[0 1 0 0 0 1 1 1]
[1 0 0 0 0 0 1 1]
[0 1 0 0 0 0 0 1]

-----90-----
[0 0 1 0 0 0 0 1]
[1 0 1 1 0 0 0 1]
[0 1 0 1 1 0 0 0]
[1 0 1 0 1 1 0 0]
[1 1 0 1 0 1 1 0]
[0 1 0 0 1 0 1 0]
[1 0 0 0 0 1 0 0]
[0 1 0 0 0 0 1 0]

-----91-----
[1 0 1 0 0 0 0 1]
[1 1 1 1 0 0 0 1]
[0 1 1 1 1 0 0 0]
[1 0 1 1 1 1 0 0]
[1 1 0 1 1 1 1 0]
[0 1 0 0 1 1 1 0]
[1 0 0 0 0 1 1 0]
[0 1 0 0 0 0 1 1]

-----92-----
[0 0 1 0 0 0 1 0]
[0 0 1 1 0 0 1 1]
[1 0 0 1 1 0 0 1]
[1 1 0 0 1 1 0 0]
[1 1 1 0 0 1 1 0]
[0 1 0 1 0 0 0 1]
[1 0 0 0 1 0 1 0]
[0 1 0 0 0 1 0 1]

-----93-----
[1 0 1 0 0 0 1 0]
[0 1 1 1 0 0 1 1]
[1 0 1 1 1 0 0 1]
[1 1 0 1 1 1 0 0]
[1 1 1 0 1 1 1 0]
[0 1 0 1 0 1 0 1]
[1 0 0 0 1 0 0 0]
[0 1 0 0 0 1 0 0]

-----94-----
[0 0 1 0 0 0 1 1]
[1 0 1 1 0 0 1 0]
[1 1 0 1 1 0 0 1]
[1 1 1 0 1 1 0 0]
[1 1 1 1 0 1 1 0]
[0 1 0 1 1 0 0 0]
[1 0 0 0 1 1 1 1]
[0 1 0 0 0 1 1 1]

-----95-----
[1 0 1 0 0 0 1 1]
[1 1 1 1 0 0 1 0]
[1 1 1 1 1 0 0 1]
[1 1 1 1 1 1 0 0]
[1 1 1 1 1 1 1 0]
[0 1 0 1 1 1 0 0]
[1 0 0 0 1 1 0 1]
[0 1 0 0 0 1 1 0]

-----96-----
[0 0 1 1 1 0 0 1]
[0 0 1 0 0 1 0 1]
[0 0 0 1 0 0 1 0]
[0 0 0 0 1 0 0 1]
[0 0 0 0 0 1 0 0]
[1 0 1 1 1 0 1 1]
[1 1 1 0 0 1 0 0]
[0 1 1 1 0 0 1 0]

-----97-----
[1 0 1 1 1 0 0 1]
[0 1 1 0 0 1 0 1]
[0 0 1 1 0 0 1 0]
[0 0 0 1 1 0 0 1]
[0 0 0 0 1 1 0 0]
[1 0 1 1 1 1 1 1]
[1 1 1 0 0 1 1 0]
[0 1 1 1 0 0 1 1]

-----98-----
[0 0 1 1 1 0 0 0]
[1 0 1 0 0 1 0 0]
[0 1 0 1 0 0 1 0]
[0 0 1 0 1 0 0 1]
[0 0 0 1 0 1 0 0]
[1 0 1 1 0 0 1 0]
[1 1 1 0 0 0 0 1]
[0 1 1 1 0 0 0 0]

-----99-----
[1 0 1 1 1 0 0 0]
[1 1 1 0 0 1 0 0]
[0 1 1 1 0 0 1 0]
[0 0 1 1 1 0 0 1]
[0 0 0 1 1 1 0 0]
[1 0 1 1 0 1 1 0]
[1 1 1 0 0 0 1 1]
[0 1 1 1 0 0 0 1]

-----100-----
[0 0 1 1 1 0 1 1]
[0 0 1 0 0 1 1 0]
[1 0 0 1 0 0 1 1]
[0 1 0 0 1 0 0 1]
[0 0 1 0 0 1 0 0]
[1 0 1 0 1 0 0 1]
[1 1 1 0 1 1 1 1]
[0 1 1 1 0 1 1 1]

-----101-----
[1 0 1 1 1 0 1 1]
[0 1 1 0 0 1 1 0]
[1 0 1 1 0 0 1 1]
[0 1 0 1 1 0 0 1]
[0 0 1 0 1 1 0 0]
[1 0 1 0 1 1 0 1]
[1 1 1 0 1 1 0 1]
[0 1 1 1 0 1 1 0]

-----102-----
[0 0 1 1 1 0 1 0]
[1 0 1 0 0 1 1 1]
[1 1 0 1 0 0 1 1]
[0 1 1 0 1 0 0 1]
[0 0 1 1 0 1 0 0]
[1 0 1 0 0 0 0 0]
[1 1 1 0 1 0 1 0]
[0 1 1 1 0 1 0 1]

-----103-----
[1 0 1 1 1 0 1 0]
[1 1 1 0 0 1 1 1]
[1 1 1 1 0 0 1 1]
[0 1 1 1 1 0 0 1]
[0 0 1 1 1 1 0 0]
[1 0 1 0 0 1 0 0]
[1 1 1 0 1 0 0 0]
[0 1 1 1 0 1 0 0]

-----104-----
[0 0 1 1 1 1 0 0]
[0 0 1 0 0 0 1 0]
[0 0 0 1 0 0 0 1]
[1 0 0 0 1 0 0 0]
[0 1 0 0 0 1 0 0]
[1 0 0 1 1 1 1 0]
[1 1 1 1 0 0 1 1]
[0 1 1 1 1 0 0 1]

-----105-----
[1 0 1 1 1 1 0 0]
[0 1 1 0 0 0 1 0]
[0 0 1 1 0 0 0 1]
[1 0 0 1 1 0 0 0]
[0 1 0 0 1 1 0 0]
[1 0 0 1 1 0 1 0]
[1 1 1 1 0 0 0 1]
[0 1 1 1 1 0 0 0]

-----106-----
[0 0 1 1 1 1 0 1]
[1 0 1 0 0 0 1 1]
[0 1 0 1 0 0 0 1]
[1 0 1 0 1 0 0 0]
[0 1 0 1 0 1 0 0]
[1 0 0 1 0 1 1 1]
[1 1 1 1 0 1 1 0]
[0 1 1 1 1 0 1 1]

-----107-----
[1 0 1 1 1 1 0 1]
[1 1 1 0 0 0 1 1]
[0 1 1 1 0 0 0 1]
[1 0 1 1 1 0 0 0]
[0 1 0 1 1 1 0 0]
[1 0 0 1 0 0 1 1]
[1 1 1 1 0 1 0 0]
[0 1 1 1 1 0 1 0]

-----108-----
[0 0 1 1 1 1 1 0]
[0 0 1 0 0 0 0 1]
[1 0 0 1 0 0 0 0]
[1 1 0 0 1 0 0 0]
[0 1 1 0 0 1 0 0]
[1 0 0 0 1 1 0 0]
[1 1 1 1 1 0 0 0]
[0 1 1 1 1 1 0 0]

-----109-----
[1 0 1 1 1 1 1 0]
[0 1 1 0 0 0 0 1]
[1 0 1 1 0 0 0 0]
[1 1 0 1 1 0 0 0]
[0 1 1 0 1 1 0 0]
[1 0 0 0 1 0 0 0]
[1 1 1 1 1 0 1 0]
[0 1 1 1 1 1 0 1]

-----110-----
[0 0 1 1 1 1 1 1]
[1 0 1 0 0 0 0 0]
[1 1 0 1 0 0 0 0]
[1 1 1 0 1 0 0 0]
[0 1 1 1 0 1 0 0]
[1 0 0 0 0 1 0 1]
[1 1 1 1 1 1 0 1]
[0 1 1 1 1 1 1 0]

-----111-----
[1 0 1 1 1 1 1 1]
[1 1 1 0 0 0 0 0]
[1 1 1 1 0 0 0 0]
[1 1 1 1 1 0 0 0]
[0 1 1 1 1 1 0 0]
[1 0 0 0 0 0 0 1]
[1 1 1 1 1 1 1 1]
[0 1 1 1 1 1 1 1]

-----112-----
[0 0 1 1 0 0 1 0]
[0 0 1 0 1 0 1 1]
[0 0 0 1 0 1 0 1]
[0 0 0 0 1 0 1 0]
[1 0 0 0 0 1 0 1]
[1 1 1 1 0 0 0 0]
[1 1 0 0 1 0 1 0]
[0 1 1 0 0 1 0 1]

-----113-----
[1 0 1 1 0 0 1 0]
[0 1 1 0 1 0 1 1]
[0 0 1 1 0 1 0 1]
[0 0 0 1 1 0 1 0]
[1 0 0 0 1 1 0 1]
[1 1 1 1 0 1 0 0]
[1 1 0 0 1 0 0 0]
[0 1 1 0 0 1 0 0]

-----114-----
[0 0 1 1 0 0 1 1]
[1 0 1 0 1 0 1 0]
[0 1 0 1 0 1 0 1]
[0 0 1 0 1 0 1 0]
[1 0 0 1 0 1 0 1]
[1 1 1 1 1 0 0 1]
[1 1 0 0 1 1 1 1]
[0 1 1 0 0 1 1 1]

-----115-----
[1 0 1 1 0 0 1 1]
[1 1 1 0 1 0 1 0]
[0 1 1 1 0 1 0 1]
[0 0 1 1 1 0 1 0]
[1 0 0 1 1 1 0 1]
[1 1 1 1 1 1 0 1]
[1 1 0 0 1 1 0 1]
[0 1 1 0 0 1 1 0]

-----116-----
[0 0 1 1 0 0 0 0]
[0 0 1 0 1 0 0 0]
[1 0 0 1 0 1 0 0]
[0 1 0 0 1 0 1 0]
[1 0 1 0 0 1 0 1]
[1 1 1 0 0 0 1 0]
[1 1 0 0 0 0 0 1]
[0 1 1 0 0 0 0 0]

-----117-----
[1 0 1 1 0 0 0 0]
[0 1 1 0 1 0 0 0]
[1 0 1 1 0 1 0 0]
[0 1 0 1 1 0 1 0]
[1 0 1 0 1 1 0 1]
[1 1 1 0 0 1 1 0]
[1 1 0 0 0 0 1 1]
[0 1 1 0 0 0 0 1]

-----118-----
[0 0 1 1 0 0 0 1]
[1 0 1 0 1 0 0 1]
[1 1 0 1 0 1 0 0]
[0 1 1 0 1 0 1 0]
[1 0 1 1 0 1 0 1]
[1 1 1 0 1 0 1 1]
[1 1 0 0 0 1 0 0]
[0 1 1 0 0 0 1 0]

-----119-----
[1 0 1 1 0 0 0 1]
[1 1 1 0 1 0 0 1]
[1 1 1 1 0 1 0 0]
[0 1 1 1 1 0 1 0]
[1 0 1 1 1 1 0 1]
[1 1 1 0 1 1 1 1]
[1 1 0 0 0 1 1 0]
[0 1 1 0 0 0 1 1]

-----120-----
[0 0 1 1 0 1 1 1]
[0 0 1 0 1 1 0 0]
[0 0 0 1 0 1 1 0]
[1 0 0 0 1 0 1 1]
[1 1 0 0 0 1 0 1]
[1 1 0 1 0 1 0 1]
[1 1 0 1 1 1 0 1]
[0 1 1 0 1 1 1 0]

-----121-----
[1 0 1 1 0 1 1 1]
[0 1 1 0 1 1 0 0]
[0 0 1 1 0 1 1 0]
[1 0 0 1 1 0 1 1]
[1 1 0 0 1 1 0 1]
[1 1 0 1 0 0 0 1]
[1 1 0 1 1 1 1 1]
[0 1 1 0 1 1 1 1]

-----122-----
[0 0 1 1 0 1 1 0]
[1 0 1 0 1 1 0 1]
[0 1 0 1 0 1 1 0]
[1 0 1 0 1 0 1 1]
[1 1 0 1 0 1 0 1]
[1 1 0 1 1 1 0 0]
[1 1 0 1 1 0 0 0]
[0 1 1 0 1 1 0 0]

-----123-----
[1 0 1 1 0 1 1 0]
[1 1 1 0 1 1 0 1]
[0 1 1 1 0 1 1 0]
[1 0 1 1 1 0 1 1]
[1 1 0 1 1 1 0 1]
[1 1 0 1 1 0 0 0]
[1 1 0 1 1 0 1 0]
[0 1 1 0 1 1 0 1]

-----124-----
[0 0 1 1 0 1 0 1]
[0 0 1 0 1 1 1 1]
[1 0 0 1 0 1 1 1]
[1 1 0 0 1 0 1 1]
[1 1 1 0 0 1 0 1]
[1 1 0 0 0 1 1 1]
[1 1 0 1 0 1 1 0]
[0 1 1 0 1 0 1 1]

-----125-----
[1 0 1 1 0 1 0 1]
[0 1 1 0 1 1 1 1]
[1 0 1 1 0 1 1 1]
[1 1 0 1 1 0 1 1]
[1 1 1 0 1 1 0 1]
[1 1 0 0 0 0 1 1]
[1 1 0 1 0 1 0 0]
[0 1 1 0 1 0 1 0]

-----126-----
[0 0 1 1 0 1 0 0]
[1 0 1 0 1 1 1 0]
[1 1 0 1 0 1 1 1]
[1 1 1 0 1 0 1 1]
[1 1 1 1 0 1 0 1]
[1 1 0 0 1 1 1 0]
[1 1 0 1 0 0 1 1]
[0 1 1 0 1 0 0 1]

-----127-----
[1 0 1 1 0 1 0 0]
[1 1 1 0 1 1 1 0]
[1 1 1 1 0 1 1 1]
[1 1 1 1 1 0 1 1]
[1 1 1 1 1 1 0 1]
[1 1 0 0 1 0 1 0]
[1 1 0 1 0 0 0 1]
[0 1 1 0 1 0 0 0]

-----128-----
[0 1 0 1 1 1 0 0]
[0 1 1 1 0 0 1 0]
[0 0 1 1 1 0 0 1]
[0 0 0 1 1 1 0 0]
[0 0 0 0 1 1 1 0]
[0 1 0 1 1 0 1 1]
[0 1 1 1 0 0 0 1]
[1 0 1 1 1 0 0 0]

-----129-----
[1 1 0 1 1 1 0 0]
[0 0 1 1 0 0 1 0]
[0 0 0 1 1 0 0 1]
[0 0 0 0 1 1 0 0]
[0 0 0 0 0 1 1 0]
[0 1 0 1 1 1 1 1]
[0 1 1 1 0 0 1 1]
[1 0 1 1 1 0 0 1]

-----130-----
[0 1 0 1 1 1 0 1]
[1 1 1 1 0 0 1 1]
[0 1 1 1 1 0 0 1]
[0 0 1 1 1 1 0 0]
[0 0 0 1 1 1 1 0]
[0 1 0 1 0 0 1 0]
[0 1 1 1 0 1 0 0]
[1 0 1 1 1 0 1 0]

-----131-----
[1 1 0 1 1 1 0 1]
[1 0 1 1 0 0 1 1]
[0 1 0 1 1 0 0 1]
[0 0 1 0 1 1 0 0]
[0 0 0 1 0 1 1 0]
[0 1 0 1 0 1 1 0]
[0 1 1 1 0 1 1 0]
[1 0 1 1 1 0 1 1]

-----132-----
[0 1 0 1 1 1 1 0]
[0 1 1 1 0 0 0 1]
[1 0 1 1 1 0 0 0]
[0 1 0 1 1 1 0 0]
[0 0 1 0 1 1 1 0]
[0 1 0 0 1 0 0 1]
[0 1 1 1 1 0 1 0]
[1 0 1 1 1 1 0 1]

-----133-----
[1 1 0 1 1 1 1 0]
[0 0 1 1 0 0 0 1]
[1 0 0 1 1 0 0 0]
[0 1 0 0 1 1 0 0]
[0 0 1 0 0 1 1 0]
[0 1 0 0 1 1 0 1]
[0 1 1 1 1 0 0 0]
[1 0 1 1 1 1 0 0]

-----134-----
[0 1 0 1 1 1 1 1]
[1 1 1 1 0 0 0 0]
[1 1 1 1 1 0 0 0]
[0 1 1 1 1 1 0 0]
[0 0 1 1 1 1 1 0]
[0 1 0 0 0 0 0 0]
[0 1 1 1 1 1 1 1]
[1 0 1 1 1 1 1 1]

-----135-----
[1 1 0 1 1 1 1 1]
[1 0 1 1 0 0 0 0]
[1 1 0 1 1 0 0 0]
[0 1 1 0 1 1 0 0]
[0 0 1 1 0 1 1 0]
[0 1 0 0 0 1 0 0]
[0 1 1 1 1 1 0 1]
[1 0 1 1 1 1 1 0]

-----136-----
[0 1 0 1 1 0 0 1]
[0 1 1 1 0 1 0 1]
[0 0 1 1 1 0 1 0]
[1 0 0 1 1 1 0 1]
[0 1 0 0 1 1 1 0]
[0 1 1 1 1 1 1 0]
[0 1 1 0 0 1 1 0]
[1 0 1 1 0 0 1 1]

-----137-----
[1 1 0 1 1 0 0 1]
[0 0 1 1 0 1 0 1]
[0 0 0 1 1 0 1 0]
[1 0 0 0 1 1 0 1]
[0 1 0 0 0 1 1 0]
[0 1 1 1 1 0 1 0]
[0 1 1 0 0 1 0 0]
[1 0 1 1 0 0 1 0]

-----138-----
[0 1 0 1 1 0 0 0]
[1 1 1 1 0 1 0 0]
[0 1 1 1 1 0 1 0]
[1 0 1 1 1 1 0 1]
[0 1 0 1 1 1 1 0]
[0 1 1 1 0 1 1 1]
[0 1 1 0 0 0 1 1]
[1 0 1 1 0 0 0 1]

-----139-----
[1 1 0 1 1 0 0 0]
[1 0 1 1 0 1 0 0]
[0 1 0 1 1 0 1 0]
[1 0 1 0 1 1 0 1]
[0 1 0 1 0 1 1 0]
[0 1 1 1 0 0 1 1]
[0 1 1 0 0 0 0 1]
[1 0 1 1 0 0 0 0]

-----140-----
[0 1 0 1 1 0 1 1]
[0 1 1 1 0 1 1 0]
[1 0 1 1 1 0 1 1]
[1 1 0 1 1 1 0 1]
[0 1 1 0 1 1 1 0]
[0 1 1 0 1 1 0 0]
[0 1 1 0 1 1 0 1]
[1 0 1 1 0 1 1 0]

-----141-----
[1 1 0 1 1 0 1 1]
[0 0 1 1 0 1 1 0]
[1 0 0 1 1 0 1 1]
[1 1 0 0 1 1 0 1]
[0 1 1 0 0 1 1 0]
[0 1 1 0 1 0 0 0]
[0 1 1 0 1 1 1 1]
[1 0 1 1 0 1 1 1]

-----142-----
[0 1 0 1 1 0 1 0]
[1 1 1 1 0 1 1 1]
[1 1 1 1 1 0 1 1]
[1 1 1 1 1 1 0 1]
[0 1 1 1 1 1 1 0]
[0 1 1 0 0 1 0 1]
[0 1 1 0 1 0 0 0]
[1 0 1 1 0 1 0 0]

-----143-----
[1 1 0 1 1 0 1 0]
[1 0 1 1 0 1 1 1]
[1 1 0 1 1 0 1 1]
[1 1 1 0 1 1 0 1]
[0 1 1 1 0 1 1 0]
[0 1 1 0 0 0 0 1]
[0 1 1 0 1 0 1 0]
[1 0 1 1 0 1 0 1]

-----144-----
[0 1 0 1 0 1 1 1]
[0 1 1 1 1 1 0 0]
[0 0 1 1 1 1 1 0]
[0 0 0 1 1 1 1 1]
[1 0 0 0 1 1 1 1]
[0 0 0 1 0 0 0 0]
[0 1 0 1 1 1 1 1]
[1 0 1 0 1 1 1 1]

-----145-----
[1 1 0 1 0 1 1 1]
[0 0 1 1 1 1 0 0]
[0 0 0 1 1 1 1 0]
[0 0 0 0 1 1 1 1]
[1 0 0 0 0 1 1 1]
[0 0 0 1 0 1 0 0]
[0 1 0 1 1 1 0 1]
[1 0 1 0 1 1 1 0]

-----146-----
[0 1 0 1 0 1 1 0]
[1 1 1 1 1 1 0 1]
[0 1 1 1 1 1 1 0]
[0 0 1 1 1 1 1 1]
[1 0 0 1 1 1 1 1]
[0 0 0 1 1 0 0 1]
[0 1 0 1 1 0 1 0]
[1 0 1 0 1 1 0 1]

-----147-----
[1 1 0 1 0 1 1 0]
[1 0 1 1 1 1 0 1]
[0 1 0 1 1 1 1 0]
[0 0 1 0 1 1 1 1]
[1 0 0 1 0 1 1 1]
[0 0 0 1 1 1 0 1]
[0 1 0 1 1 0 0 0]
[1 0 1 0 1 1 0 0]

-----148-----
[0 1 0 1 0 1 0 1]
[0 1 1 1 1 1 1 1]
[1 0 1 1 1 1 1 1]
[0 1 0 1 1 1 1 1]
[1 0 1 0 1 1 1 1]
[0 0 0 0 0 0 1 0]
[0 1 0 1 0 1 0 0]
[1 0 1 0 1 0 1 0]

-----149-----
[1 1 0 1 0 1 0 1]
[0 0 1 1 1 1 1 1]
[1 0 0 1 1 1 1 1]
[0 1 0 0 1 1 1 1]
[1 0 1 0 0 1 1 1]
[0 0 0 0 0 1 1 0]
[0 1 0 1 0 1 1 0]
[1 0 1 0 1 0 1 1]

-----150-----
[0 1 0 1 0 1 0 0]
[1 1 1 1 1 1 1 0]
[1 1 1 1 1 1 1 1]
[0 1 1 1 1 1 1 1]
[1 0 1 1 1 1 1 1]
[0 0 0 0 1 0 1 1]
[0 1 0 1 0 0 0 1]
[1 0 1 0 1 0 0 0]

-----151-----
[1 1 0 1 0 1 0 0]
[1 0 1 1 1 1 1 0]
[1 1 0 1 1 1 1 1]
[0 1 1 0 1 1 1 1]
[1 0 1 1 0 1 1 1]
[0 0 0 0 1 1 1 1]
[0 1 0 1 0 0 1 1]
[1 0 1 0 1 0 0 1]

-----152-----
[0 1 0 1 0 0 1 0]
[0 1 1 1 1 0 1 1]
[0 0 1 1 1 1 0 1]
[1 0 0 1 1 1 1 0]
[1 1 0 0 1 1 1 1]
[0 0 1 1 0 1 0 1]
[0 1 0 0 1 0 0 0]
[1 0 1 0 0 1 0 0]

-----153-----
[1 1 0 1 0 0 1 0]
[0 0 1 1 1 0 1 1]
[0 0 0 1 1 1 0 1]
[1 0 0 0 1 1 1 0]
[1 1 0 0 0 1 1 1]
[0 0 1 1 0 0 0 1]
[0 1 0 0 1 0 1 0]
[1 0 1 0 0 1 0 1]

-----154-----
[0 1 0 1 0 0 1 1]
[1 1 1 1 1 0 1 0]
[0 1 1 1 1 1 0 1]
[1 0 1 1 1 1 1 0]
[1 1 0 1 1 1 1 1]
[0 0 1 1 1 1 0 0]
[0 1 0 0 1 1 0 1]
[1 0 1 0 0 1 1 0]

-----155-----
[1 1 0 1 0 0 1 1]
[1 0 1 1 1 0 1 0]
[0 1 0 1 1 1 0 1]
[1 0 1 0 1 1 1 0]
[1 1 0 1 0 1 1 1]
[0 0 1 1 1 0 0 0]
[0 1 0 0 1 1 1 1]
[1 0 1 0 0 1 1 1]

-----156-----
[0 1 0 1 0 0 0 0]
[0 1 1 1 1 0 0 0]
[1 0 1 1 1 1 0 0]
[1 1 0 1 1 1 1 0]
[1 1 1 0 1 1 1 1]
[0 0 1 0 0 1 1 1]
[0 1 0 0 0 0 1 1]
[1 0 1 0 0 0 0 1]

-----157-----
[1 1 0 1 0 0 0 0]
[0 0 1 1 1 0 0 0]
[1 0 0 1 1 1 0 0]
[1 1 0 0 1 1 1 0]
[1 1 1 0 0 1 1 1]
[0 0 1 0 0 0 1 1]
[0 1 0 0 0 0 0 1]
[1 0 1 0 0 0 0 0]

-----158-----
[0 1 0 1 0 0 0 1]
[1 1 1 1 1 0 0 1]
[1 1 1 1 1 1 0 0]
[1 1 1 1 1 1 1 0]
[1 1 1 1 1 1 1 1]
[0 0 1 0 1 1 1 0]
[0 1 0 0 0 1 1 0]
[1 0 1 0 0 0 1 1]

-----159-----
[1 1 0 1 0 0 0 1]
[1 0 1 1 1 0 0 1]
[1 1 0 1 1 1 0 0]
[1 1 1 0 1 1 1 0]
[1 1 1 1 0 1 1 1]
[0 0 1 0 1 0 1 0]
[0 1 0 0 0 1 0 0]
[1 0 1 0 0 0 1 0]

-----160-----
[0 1 0 0 1 0 1 1]
[0 1 1 0 1 1 1 0]
[0 0 1 1 0 1 1 1]
[0 0 0 1 1 0 1 1]
[0 0 0 0 1 1 0 1]
[1 1 0 0 1 1 0 1]
[0 0 1 0 1 1 0 1]
[1 0 0 1 0 1 1 0]

-----161-----
[1 1 0 0 1 0 1 1]
[0 0 1 0 1 1 1 0]
[0 0 0 1 0 1 1 1]
[0 0 0 0 1 0 1 1]
[0 0 0 0 0 1 0 1]
[1 1 0 0 1 0 0 1]
[0 0 1 0 1 1 1 1]
[1 0 0 1 0 1 1 1]

-----162-----
[0 1 0 0 1 0 1 0]
[1 1 1 0 1 1 1 1]
[0 1 1 1 0 1 1 1]
[0 0 1 1 1 0 1 1]
[0 0 0 1 1 1 0 1]
[1 1 0 0 0 1 0 0]
[0 0 1 0 1 0 0 0]
[1 0 0 1 0 1 0 0]

-----163-----
[1 1 0 0 1 0 1 0]
[1 0 1 0 1 1 1 1]
[0 1 0 1 0 1 1 1]
[0 0 1 0 1 0 1 1]
[0 0 0 1 0 1 0 1]
[1 1 0 0 0 0 0 0]
[0 0 1 0 1 0 1 0]
[1 0 0 1 0 1 0 1]

-----164-----
[0 1 0 0 1 0 0 1]
[0 1 1 0 1 1 0 1]
[1 0 1 1 0 1 1 0]
[0 1 0 1 1 0 1 1]
[0 0 1 0 1 1 0 1]
[1 1 0 1 1 1 1 1]
[0 0 1 0 0 1 1 0]
[1 0 0 1 0 0 1 1]

-----165-----
[1 1 0 0 1 0 0 1]
[0 0 1 0 1 1 0 1]
[1 0 0 1 0 1 1 0]
[0 1 0 0 1 0 1 1]
[0 0 1 0 0 1 0 1]
[1 1 0 1 1 0 1 1]
[0 0 1 0 0 1 0 0]
[1 0 0 1 0 0 1 0]

-----166-----
[0 1 0 0 1 0 0 0]
[1 1 1 0 1 1 0 0]
[1 1 1 1 0 1 1 0]
[0 1 1 1 1 0 1 1]
[0 0 1 1 1 1 0 1]
[1 1 0 1 0 1 1 0]
[0 0 1 0 0 0 1 1]
[1 0 0 1 0 0 0 1]

-----167-----
[1 1 0 0 1 0 0 0]
[1 0 1 0 1 1 0 0]
[1 1 0 1 0 1 1 0]
[0 1 1 0 1 0 1 1]
[0 0 1 1 0 1 0 1]
[1 1 0 1 0 0 1 0]
[0 0 1 0 0 0 0 1]
[1 0 0 1 0 0 0 0]

-----168-----
[0 1 0 0 1 1 1 0]
[0 1 1 0 1 0 0 1]
[0 0 1 1 0 1 0 0]
[1 0 0 1 1 0 1 0]
[0 1 0 0 1 1 0 1]
[1 1 1 0 1 0 0 0]
[0 0 1 1 1 0 1 0]
[1 0 0 1 1 1 0 1]

-----169-----
[1 1 0 0 1 1 1 0]
[0 0 1 0 1 0 0 1]
[0 0 0 1 0 1 0 0]
[1 0 0 0 1 0 1 0]
[0 1 0 0 0 1 0 1]
[1 1 1 0 1 1 0 0]
[0 0 1 1 1 0 0 0]
[1 0 0 1 1 1 0 0]

-----170-----
[0 1 0 0 1 1 1 1]
[1 1 1 0 1 0 0 0]
[0 1 1 1 0 1 0 0]
[1 0 1 1 1 0 1 0]
[0 1 0 1 1 1 0 1]
[1 1 1 0 0 0 0 1]
[0 0 1 1 1 1 1 1]
[1 0 0 1 1 1 1 1]

-----171-----
[1 1 0 0 1 1 1 1]
[1 0 1 0 1 0 0 0]
[0 1 0 1 0 1 0 0]
[1 0 1 0 1 0 1 0]
[0 1 0 1 0 1 0 1]
[1 1 1 0 0 1 0 1]
[0 0 1 1 1 1 0 1]
[1 0 0 1 1 1 1 0]

-----172-----
[0 1 0 0 1 1 0 0]
[0 1 1 0 1 0 1 0]
[1 0 1 1 0 1 0 1]
[1 1 0 1 1 0 1 0]
[0 1 1 0 1 1 0 1]
[1 1 1 1 1 0 1 0]
[0 0 1 1 0 0 0 1]
[1 0 0 1 1 0 0 0]

-----173-----
[1 1 0 0 1 1 0 0]
[0 0 1 0 1 0 1 0]
[1 0 0 1 0 1 0 1]
[1 1 0 0 1 0 1 0]
[0 1 1 0 0 1 0 1]
[1 1 1 1 1 1 1 0]
[0 0 1 1 0 0 1 1]
[1 0 0 1 1 0 0 1]

-----174-----
[0 1 0 0 1 1 0 1]
[1 1 1 0 1 0 1 1]
[1 1 1 1 0 1 0 1]
[1 1 1 1 1 0 1 0]
[0 1 1 1 1 1 0 1]
[1 1 1 1 0 0 1 1]
[0 0 1 1 0 1 0 0]
[1 0 0 1 1 0 1 0]

-----175-----
[1 1 0 0 1 1 0 1]
[1 0 1 0 1 0 1 1]
[1 1 0 1 0 1 0 1]
[1 1 1 0 1 0 1 0]
[0 1 1 1 0 1 0 1]
[1 1 1 1 0 1 1 1]
[0 0 1 1 0 1 1 0]
[1 0 0 1 1 0 1 1]

-----176-----
[0 1 0 0 0 0 0 0]
[0 1 1 0 0 0 0 0]
[0 0 1 1 0 0 0 0]
[0 0 0 1 1 0 0 0]
[1 0 0 0 1 1 0 0]
[1 0 0 0 0 1 1 0]
[0 0 0 0 0 0 1 1]
[1 0 0 0 0 0 0 1]

-----177-----
[1 1 0 0 0 0 0 0]
[0 0 1 0 0 0 0 0]
[0 0 0 1 0 0 0 0]
[0 0 0 0 1 0 0 0]
[1 0 0 0 0 1 0 0]
[1 0 0 0 0 0 1 0]
[0 0 0 0 0 0 0 1]
[1 0 0 0 0 0 0 0]

-----178-----
[0 1 0 0 0 0 0 1]
[1 1 1 0 0 0 0 1]
[0 1 1 1 0 0 0 0]
[0 0 1 1 1 0 0 0]
[1 0 0 1 1 1 0 0]
[1 0 0 0 1 1 1 1]
[0 0 0 0 0 1 1 0]
[1 0 0 0 0 0 1 1]

-----179-----
[1 1 0 0 0 0 0 1]
[1 0 1 0 0 0 0 1]
[0 1 0 1 0 0 0 0]
[0 0 1 0 1 0 0 0]
[1 0 0 1 0 1 0 0]
[1 0 0 0 1 0 1 1]
[0 0 0 0 0 1 0 0]
[1 0 0 0 0 0 1 0]

-----180-----
[0 1 0 0 0 0 1 0]
[0 1 1 0 0 0 1 1]
[1 0 1 1 0 0 0 1]
[0 1 0 1 1 0 0 0]
[1 0 1 0 1 1 0 0]
[1 0 0 1 0 1 0 0]
[0 0 0 0 1 0 0 0]
[1 0 0 0 0 1 0 0]

-----181-----
[1 1 0 0 0 0 1 0]
[0 0 1 0 0 0 1 1]
[1 0 0 1 0 0 0 1]
[0 1 0 0 1 0 0 0]
[1 0 1 0 0 1 0 0]
[1 0 0 1 0 0 0 0]
[0 0 0 0 1 0 1 0]
[1 0 0 0 0 1 0 1]

-----182-----
[0 1 0 0 0 0 1 1]
[1 1 1 0 0 0 1 0]
[1 1 1 1 0 0 0 1]
[0 1 1 1 1 0 0 0]
[1 0 1 1 1 1 0 0]
[1 0 0 1 1 1 0 1]
[0 0 0 0 1 1 0 1]
[1 0 0 0 0 1 1 0]

-----183-----
[1 1 0 0 0 0 1 1]
[1 0 1 0 0 0 1 0]
[1 1 0 1 0 0 0 1]
[0 1 1 0 1 0 0 0]
[1 0 1 1 0 1 0 0]
[1 0 0 1 1 0 0 1]
[0 0 0 0 1 1 1 1]
[1 0 0 0 0 1 1 1]

-----184-----
[0 1 0 0 0 1 0 1]
[0 1 1 0 0 1 1 1]
[0 0 1 1 0 0 1 1]
[1 0 0 1 1 0 0 1]
[1 1 0 0 1 1 0 0]
[1 0 1 0 0 0 1 1]
[0 0 0 1 0 1 0 0]
[1 0 0 0 1 0 1 0]

-----185-----
[1 1 0 0 0 1 0 1]
[0 0 1 0 0 1 1 1]
[0 0 0 1 0 0 1 1]
[1 0 0 0 1 0 0 1]
[1 1 0 0 0 1 0 0]
[1 0 1 0 0 1 1 1]
[0 0 0 1 0 1 1 0]
[1 0 0 0 1 0 1 1]

-----186-----
[0 1 0 0 0 1 0 0]
[1 1 1 0 0 1 1 0]
[0 1 1 1 0 0 1 1]
[1 0 1 1 1 0 0 1]
[1 1 0 1 1 1 0 0]
[1 0 1 0 1 0 1 0]
[0 0 0 1 0 0 0 1]
[1 0 0 0 1 0 0 0]

-----187-----
[1 1 0 0 0 1 0 0]
[1 0 1 0 0 1 1 0]
[0 1 0 1 0 0 1 1]
[1 0 1 0 1 0 0 1]
[1 1 0 1 0 1 0 0]
[1 0 1 0 1 1 1 0]
[0 0 0 1 0 0 1 1]
[1 0 0 0 1 0 0 1]

-----188-----
[0 1 0 0 0 1 1 1]
[0 1 1 0 0 1 0 0]
[1 0 1 1 0 0 1 0]
[1 1 0 1 1 0 0 1]
[1 1 1 0 1 1 0 0]
[1 0 1 1 0 0 0 1]
[0 0 0 1 1 1 1 1]
[1 0 0 0 1 1 1 1]

-----189-----
[1 1 0 0 0 1 1 1]
[0 0 1 0 0 1 0 0]
[1 0 0 1 0 0 1 0]
[1 1 0 0 1 0 0 1]
[1 1 1 0 0 1 0 0]
[1 0 1 1 0 1 0 1]
[0 0 0 1 1 1 0 1]
[1 0 0 0 1 1 1 0]

-----190-----
[0 1 0 0 0 1 1 0]
[1 1 1 0 0 1 0 1]
[1 1 1 1 0 0 1 0]
[1 1 1 1 1 0 0 1]
[1 1 1 1 1 1 0 0]
[1 0 1 1 1 0 0 0]
[0 0 0 1 1 0 1 0]
[1 0 0 0 1 1 0 1]

-----191-----
[1 1 0 0 0 1 1 0]
[1 0 1 0 0 1 0 1]
[1 1 0 1 0 0 1 0]
[1 1 1 0 1 0 0 1]
[1 1 1 1 0 1 0 0]
[1 0 1 1 1 1 0 0]
[0 0 0 1 1 0 0 0]
[1 0 0 0 1 1 0 0]

-----192-----
[0 1 1 1 0 0 1 0]
[0 1 0 0 1 0 1 1]
[0 0 1 0 0 1 0 1]
[0 0 0 1 0 0 1 0]
[0 0 0 0 1 0 0 1]
[0 1 1 1 0 1 1 0]
[1 1 0 0 1 0 0 1]
[1 1 1 0 0 1 0 0]

-----193-----
[1 1 1 1 0 0 1 0]
[0 0 0 0 1 0 1 1]
[0 0 0 0 0 1 0 1]
[0 0 0 0 0 0 1 0]
[0 0 0 0 0 0 0 1]
[0 1 1 1 0 0 1 0]
[1 1 0 0 1 0 1 1]
[1 1 1 0 0 1 0 1]

-----194-----
[0 1 1 1 0 0 1 1]
[1 1 0 0 1 0 1 0]
[0 1 1 0 0 1 0 1]
[0 0 1 1 0 0 1 0]
[0 0 0 1 1 0 0 1]
[0 1 1 1 1 1 1 1]
[1 1 0 0 1 1 0 0]
[1 1 1 0 0 1 1 0]

-----195-----
[1 1 1 1 0 0 1 1]
[1 0 0 0 1 0 1 0]
[0 1 0 0 0 1 0 1]
[0 0 1 0 0 0 1 0]
[0 0 0 1 0 0 0 1]
[0 1 1 1 1 0 1 1]
[1 1 0 0 1 1 1 0]
[1 1 1 0 0 1 1 1]

-----196-----
[0 1 1 1 0 0 0 0]
[0 1 0 0 1 0 0 0]
[1 0 1 0 0 1 0 0]
[0 1 0 1 0 0 1 0]
[0 0 1 0 1 0 0 1]
[0 1 1 0 0 1 0 0]
[1 1 0 0 0 0 1 0]
[1 1 1 0 0 0 0 1]

-----197-----
[1 1 1 1 0 0 0 0]
[0 0 0 0 1 0 0 0]
[1 0 0 0 0 1 0 0]
[0 1 0 0 0 0 1 0]
[0 0 1 0 0 0 0 1]
[0 1 1 0 0 0 0 0]
[1 1 0 0 0 0 0 0]
[1 1 1 0 0 0 0 0]

-----198-----
[0 1 1 1 0 0 0 1]
[1 1 0 0 1 0 0 1]
[1 1 1 0 0 1 0 0]
[0 1 1 1 0 0 1 0]
[0 0 1 1 1 0 0 1]
[0 1 1 0 1 1 0 1]
[1 1 0 0 0 1 1 1]
[1 1 1 0 0 0 1 1]

-----199-----
[1 1 1 1 0 0 0 1]
[1 0 0 0 1 0 0 1]
[1 1 0 0 0 1 0 0]
[0 1 1 0 0 0 1 0]
[0 0 1 1 0 0 0 1]
[0 1 1 0 1 0 0 1]
[1 1 0 0 0 1 0 1]
[1 1 1 0 0 0 1 0]

-----200-----
[0 1 1 1 0 1 1 1]
[0 1 0 0 1 1 0 0]
[0 0 1 0 0 1 1 0]
[1 0 0 1 0 0 1 1]
[0 1 0 0 1 0 0 1]
[0 1 0 1 0 0 1 1]
[1 1 0 1 1 1 1 0]
[1 1 1 0 1 1 1 1]

-----201-----
[1 1 1 1 0 1 1 1]
[0 0 0 0 1 1 0 0]
[0 0 0 0 0 1 1 0]
[1 0 0 0 0 0 1 1]
[0 1 0 0 0 0 0 1]
[0 1 0 1 0 1 1 1]
[1 1 0 1 1 1 0 0]
[1 1 1 0 1 1 1 0]

-----202-----
[0 1 1 1 0 1 1 0]
[1 1 0 0 1 1 0 1]
[0 1 1 0 0 1 1 0]
[1 0 1 1 0 0 1 1]
[0 1 0 1 1 0 0 1]
[0 1 0 1 1 0 1 0]
[1 1 0 1 1 0 1 1]
[1 1 1 0 1 1 0 1]

-----203-----
[1 1 1 1 0 1 1 0]
[1 0 0 0 1 1 0 1]
[0 1 0 0 0 1 1 0]
[1 0 1 0 0 0 1 1]
[0 1 0 1 0 0 0 1]
[0 1 0 1 1 1 1 0]
[1 1 0 1 1 0 0 1]
[1 1 1 0 1 1 0 0]

-----204-----
[0 1 1 1 0 1 0 1]
[0 1 0 0 1 1 1 1]
[1 0 1 0 0 1 1 1]
[1 1 0 1 0 0 1 1]
[0 1 1 0 1 0 0 1]
[0 1 0 0 0 0 0 1]
[1 1 0 1 0 1 0 1]
[1 1 1 0 1 0 1 0]

-----205-----
[1 1 1 1 0 1 0 1]
[0 0 0 0 1 1 1 1]
[1 0 0 0 0 1 1 1]
[1 1 0 0 0 0 1 1]
[0 1 1 0 0 0 0 1]
[0 1 0 0 0 1 0 1]
[1 1 0 1 0 1 1 1]
[1 1 1 0 1 0 1 1]

-----206-----
[0 1 1 1 0 1 0 0]
[1 1 0 0 1 1 1 0]
[1 1 1 0 0 1 1 1]
[1 1 1 1 0 0 1 1]
[0 1 1 1 1 0 0 1]
[0 1 0 0 1 0 0 0]
[1 1 0 1 0 0 0 0]
[1 1 1 0 1 0 0 0]

-----207-----
[1 1 1 1 0 1 0 0]
[1 0 0 0 1 1 1 0]
[1 1 0 0 0 1 1 1]
[1 1 1 0 0 0 1 1]
[0 1 1 1 0 0 0 1]
[0 1 0 0 1 1 0 0]
[1 1 0 1 0 0 1 0]
[1 1 1 0 1 0 0 1]

-----208-----
[0 1 1 1 1 0 0 1]
[0 1 0 0 0 1 0 1]
[0 0 1 0 0 0 1 0]
[0 0 0 1 0 0 0 1]
[1 0 0 0 1 0 0 0]
[0 0 1 1 1 1 0 1]
[1 1 1 0 0 1 1 1]
[1 1 1 1 0 0 1 1]

-----209-----
[1 1 1 1 1 0 0 1]
[0 0 0 0 0 1 0 1]
[0 0 0 0 0 0 1 0]
[0 0 0 0 0 0 0 1]
[1 0 0 0 0 0 0 0]
[0 0 1 1 1 0 0 1]
[1 1 1 0 0 1 0 1]
[1 1 1 1 0 0 1 0]

-----210-----
[0 1 1 1 1 0 0 0]
[1 1 0 0 0 1 0 0]
[0 1 1 0 0 0 1 0]
[0 0 1 1 0 0 0 1]
[1 0 0 1 1 0 0 0]
[0 0 1 1 0 1 0 0]
[1 1 1 0 0 0 1 0]
[1 1 1 1 0 0 0 1]

-----211-----
[1 1 1 1 1 0 0 0]
[1 0 0 0 0 1 0 0]
[0 1 0 0 0 0 1 0]
[0 0 1 0 0 0 0 1]
[1 0 0 1 0 0 0 0]
[0 0 1 1 0 0 0 0]
[1 1 1 0 0 0 0 0]
[1 1 1 1 0 0 0 0]

-----212-----
[0 1 1 1 1 0 1 1]
[0 1 0 0 0 1 1 0]
[1 0 1 0 0 0 1 1]
[0 1 0 1 0 0 0 1]
[1 0 1 0 1 0 0 0]
[0 0 1 0 1 1 1 1]
[1 1 1 0 1 1 0 0]
[1 1 1 1 0 1 1 0]

-----213-----
[1 1 1 1 1 0 1 1]
[0 0 0 0 0 1 1 0]
[1 0 0 0 0 0 1 1]
[0 1 0 0 0 0 0 1]
[1 0 1 0 0 0 0 0]
[0 0 1 0 1 0 1 1]
[1 1 1 0 1 1 1 0]
[1 1 1 1 0 1 1 1]

-----214-----
[0 1 1 1 1 0 1 0]
[1 1 0 0 0 1 1 1]
[1 1 1 0 0 0 1 1]
[0 1 1 1 0 0 0 1]
[1 0 1 1 1 0 0 0]
[0 0 1 0 0 1 1 0]
[1 1 1 0 1 0 0 1]
[1 1 1 1 0 1 0 0]

-----215-----
[1 1 1 1 1 0 1 0]
[1 0 0 0 0 1 1 1]
[1 1 0 0 0 0 1 1]
[0 1 1 0 0 0 0 1]
[1 0 1 1 0 0 0 0]
[0 0 1 0 0 0 1 0]
[1 1 1 0 1 0 1 1]
[1 1 1 1 0 1 0 1]

-----216-----
[0 1 1 1 1 1 0 0]
[0 1 0 0 0 0 1 0]
[0 0 1 0 0 0 0 1]
[1 0 0 1 0 0 0 0]
[1 1 0 0 1 0 0 0]
[0 0 0 1 1 0 0 0]
[1 1 1 1 0 0 0 0]
[1 1 1 1 1 0 0 0]

-----217-----
[1 1 1 1 1 1 0 0]
[0 0 0 0 0 0 1 0]
[0 0 0 0 0 0 0 1]
[1 0 0 0 0 0 0 0]
[1 1 0 0 0 0 0 0]
[0 0 0 1 1 1 0 0]
[1 1 1 1 0 0 1 0]
[1 1 1 1 1 0 0 1]

-----218-----
[0 1 1 1 1 1 0 1]
[1 1 0 0 0 0 1 1]
[0 1 1 0 0 0 0 1]
[1 0 1 1 0 0 0 0]
[1 1 0 1 1 0 0 0]
[0 0 0 1 0 0 0 1]
[1 1 1 1 0 1 0 1]
[1 1 1 1 1 0 1 0]

-----219-----
[1 1 1 1 1 1 0 1]
[1 0 0 0 0 0 1 1]
[0 1 0 0 0 0 0 1]
[1 0 1 0 0 0 0 0]
[1 1 0 1 0 0 0 0]
[0 0 0 1 0 1 0 1]
[1 1 1 1 0 1 1 1]
[1 1 1 1 1 0 1 1]

-----220-----
[0 1 1 1 1 1 1 0]
[0 1 0 0 0 0 0 1]
[1 0 1 0 0 0 0 0]
[1 1 0 1 0 0 0 0]
[1 1 1 0 1 0 0 0]
[0 0 0 0 1 0 1 0]
[1 1 1 1 1 0 1 1]
[1 1 1 1 1 1 0 1]

-----221-----
[1 1 1 1 1 1 1 0]
[0 0 0 0 0 0 0 1]
[1 0 0 0 0 0 0 0]
[1 1 0 0 0 0 0 0]
[1 1 1 0 0 0 0 0]
[0 0 0 0 1 1 1 0]
[1 1 1 1 1 0 0 1]
[1 1 1 1 1 1 0 0]

-----222-----
[0 1 1 1 1 1 1 1]
[1 1 0 0 0 0 0 0]
[1 1 1 0 0 0 0 0]
[1 1 1 1 0 0 0 0]
[1 1 1 1 1 0 0 0]
[0 0 0 0 0 0 1 1]
[1 1 1 1 1 1 1 0]
[1 1 1 1 1 1 1 1]

-----223-----
[1 1 1 1 1 1 1 1]
[1 0 0 0 0 0 0 0]
[1 1 0 0 0 0 0 0]
[1 1 1 0 0 0 0 0]
[1 1 1 1 0 0 0 0]
[0 0 0 0 0 1 1 1]
[1 1 1 1 1 1 0 0]
[1 1 1 1 1 1 1 0]

-----224-----
[0 1 1 0 0 1 0 1]
[0 1 0 1 0 1 1 1]
[0 0 1 0 1 0 1 1]
[0 0 0 1 0 1 0 1]
[0 0 0 0 1 0 1 0]
[1 1 1 0 0 0 0 0]
[1 0 0 1 0 1 0 1]
[1 1 0 0 1 0 1 0]

-----225-----
[1 1 1 0 0 1 0 1]
[0 0 0 1 0 1 1 1]
[0 0 0 0 1 0 1 1]
[0 0 0 0 0 1 0 1]
[0 0 0 0 0 0 1 0]
[1 1 1 0 0 1 0 0]
[1 0 0 1 0 1 1 1]
[1 1 0 0 1 0 1 1]

-----226-----
[0 1 1 0 0 1 0 0]
[1 1 0 1 0 1 1 0]
[0 1 1 0 1 0 1 1]
[0 0 1 1 0 1 0 1]
[0 0 0 1 1 0 1 0]
[1 1 1 0 1 0 0 1]
[1 0 0 1 0 0 0 0]
[1 1 0 0 1 0 0 0]

-----227-----
[1 1 1 0 0 1 0 0]
[1 0 0 1 0 1 1 0]
[0 1 0 0 1 0 1 1]
[0 0 1 0 0 1 0 1]
[0 0 0 1 0 0 1 0]
[1 1 1 0 1 1 0 1]
[1 0 0 1 0 0 1 0]
[1 1 0 0 1 0 0 1]

-----228-----
[0 1 1 0 0 1 1 1]
[0 1 0 1 0 1 0 0]
[1 0 1 0 1 0 1 0]
[0 1 0 1 0 1 0 1]
[0 0 1 0 1 0 1 0]
[1 1 1 1 0 0 1 0]
[1 0 0 1 1 1 1 0]
[1 1 0 0 1 1 1 1]

-----229-----
[1 1 1 0 0 1 1 1]
[0 0 0 1 0 1 0 0]
[1 0 0 0 1 0 1 0]
[0 1 0 0 0 1 0 1]
[0 0 1 0 0 0 1 0]
[1 1 1 1 0 1 1 0]
[1 0 0 1 1 1 0 0]
[1 1 0 0 1 1 1 0]

-----230-----
[0 1 1 0 0 1 1 0]
[1 1 0 1 0 1 0 1]
[1 1 1 0 1 0 1 0]
[0 1 1 1 0 1 0 1]
[0 0 1 1 1 0 1 0]
[1 1 1 1 1 0 1 1]
[1 0 0 1 1 0 1 1]
[1 1 0 0 1 1 0 1]

-----231-----
[1 1 1 0 0 1 1 0]
[1 0 0 1 0 1 0 1]
[1 1 0 0 1 0 1 0]
[0 1 1 0 0 1 0 1]
[0 0 1 1 0 0 1 0]
[1 1 1 1 1 1 1 1]
[1 0 0 1 1 0 0 1]
[1 1 0 0 1 1 0 0]

-----232-----
[0 1 1 0 0 0 0 0]
[0 1 0 1 0 0 0 0]
[0 0 1 0 1 0 0 0]
[1 0 0 1 0 1 0 0]
[0 1 0 0 1 0 1 0]
[1 1 0 0 0 1 0 1]
[1 0 0 0 0 0 1 0]
[1 1 0 0 0 0 0 1]

-----233-----
[1 1 1 0 0 0 0 0]
[0 0 0 1 0 0 0 0]
[0 0 0 0 1 0 0 0]
[1 0 0 0 0 1 0 0]
[0 1 0 0 0 0 1 0]
[1 1 0 0 0 0 0 1]
[1 0 0 0 0 0 0 0]
[1 1 0 0 0 0 0 0]

-----234-----
[0 1 1 0 0 0 0 1]
[1 1 0 1 0 0 0 1]
[0 1 1 0 1 0 0 0]
[1 0 1 1 0 1 0 0]
[0 1 0 1 1 0 1 0]
[1 1 0 0 1 1 0 0]
[1 0 0 0 0 1 1 1]
[1 1 0 0 0 0 1 1]

-----235-----
[1 1 1 0 0 0 0 1]
[1 0 0 1 0 0 0 1]
[0 1 0 0 1 0 0 0]
[1 0 1 0 0 1 0 0]
[0 1 0 1 0 0 1 0]
[1 1 0 0 1 0 0 0]
[1 0 0 0 0 1 0 1]
[1 1 0 0 0 0 1 0]

-----236-----
[0 1 1 0 0 0 1 0]
[0 1 0 1 0 0 1 1]
[1 0 1 0 1 0 0 1]
[1 1 0 1 0 1 0 0]
[0 1 1 0 1 0 1 0]
[1 1 0 1 0 1 1 1]
[1 0 0 0 1 0 0 1]
[1 1 0 0 0 1 0 0]

-----237-----
[1 1 1 0 0 0 1 0]
[0 0 0 1 0 0 1 1]
[1 0 0 0 1 0 0 1]
[1 1 0 0 0 1 0 0]
[0 1 1 0 0 0 1 0]
[1 1 0 1 0 0 1 1]
[1 0 0 0 1 0 1 1]
[1 1 0 0 0 1 0 1]

-----238-----
[0 1 1 0 0 0 1 1]
[1 1 0 1 0 0 1 0]
[1 1 1 0 1 0 0 1]
[1 1 1 1 0 1 0 0]
[0 1 1 1 1 0 1 0]
[1 1 0 1 1 1 1 0]
[1 0 0 0 1 1 0 0]
[1 1 0 0 0 1 1 0]

-----239-----
[1 1 1 0 0 0 1 1]
[1 0 0 1 0 0 1 0]
[1 1 0 0 1 0 0 1]
[1 1 1 0 0 1 0 0]
[0 1 1 1 0 0 1 0]
[1 1 0 1 1 0 1 0]
[1 0 0 0 1 1 1 0]
[1 1 0 0 0 1 1 1]

-----240-----
[0 1 1 0 1 1 1 0]
[0 1 0 1 1 0 0 1]
[0 0 1 0 1 1 0 0]
[0 0 0 1 0 1 1 0]
[1 0 0 0 1 0 1 1]
[1 0 1 0 1 0 1 1]
[1 0 1 1 1 0 1 1]
[1 1 0 1 1 1 0 1]

-----241-----
[1 1 1 0 1 1 1 0]
[0 0 0 1 1 0 0 1]
[0 0 0 0 1 1 0 0]
[0 0 0 0 0 1 1 0]
[1 0 0 0 0 0 1 1]
[1 0 1 0 1 1 1 1]
[1 0 1 1 1 0 0 1]
[1 1 0 1 1 1 0 0]

-----242-----
[0 1 1 0 1 1 1 1]
[1 1 0 1 1 0 0 0]
[0 1 1 0 1 1 0 0]
[0 0 1 1 0 1 1 0]
[1 0 0 1 1 0 1 1]
[1 0 1 0 0 0 1 0]
[1 0 1 1 1 1 1 0]
[1 1 0 1 1 1 1 1]

-----243-----
[1 1 1 0 1 1 1 1]
[1 0 0 1 1 0 0 0]
[0 1 0 0 1 1 0 0]
[0 0 1 0 0 1 1 0]
[1 0 0 1 0 0 1 1]
[1 0 1 0 0 1 1 0]
[1 0 1 1 1 1 0 0]
[1 1 0 1 1 1 1 0]

-----244-----
[0 1 1 0 1 1 0 0]
[0 1 0 1 1 0 1 0]
[1 0 1 0 1 1 0 1]
[0 1 0 1 0 1 1 0]
[1 0 1 0 1 0 1 1]
[1 0 1 1 1 0 0 1]
[1 0 1 1 0 0 0 0]
[1 1 0 1 1 0 0 0]

-----245-----
[1 1 1 0 1 1 0 0]
[0 0 0 1 1 0 1 0]
[1 0 0 0 1 1 0 1]
[0 1 0 0 0 1 1 0]
[1 0 1 0 0 0 1 1]
[1 0 1 1 1 1 0 1]
[1 0 1 1 0 0 1 0]
[1 1 0 1 1 0 0 1]

-----246-----
[0 1 1 0 1 1 0 1]
[1 1 0 1 1 0 1 1]
[1 1 1 0 1 1 0 1]
[0 1 1 1 0 1 1 0]
[1 0 1 1 1 0 1 1]
[1 0 1 1 0 0 0 0]
[1 0 1 1 0 1 0 1]
[1 1 0 1 1 0 1 0]

-----247-----
[1 1 1 0 1 1 0 1]
[1 0 0 1 1 0 1 1]
[1 1 0 0 1 1 0 1]
[0 1 1 0 0 1 1 0]
[1 0 1 1 0 0 1 1]
[1 0 1 1 0 1 0 0]
[1 0 1 1 0 1 1 1]
[1 1 0 1 1 0 1 1]

-----248-----
[0 1 1 0 1 0 1 1]
[0 1 0 1 1 1 1 0]
[0 0 1 0 1 1 1 1]
[1 0 0 1 0 1 1 1]
[1 1 0 0 1 0 1 1]
[1 0 0 0 1 1 1 0]
[1 0 1 0 1 1 0 0]
[1 1 0 1 0 1 1 0]

-----249-----
[1 1 1 0 1 0 1 1]
[0 0 0 1 1 1 1 0]
[0 0 0 0 1 1 1 1]
[1 0 0 0 0 1 1 1]
[1 1 0 0 0 0 1 1]
[1 0 0 0 1 0 1 0]
[1 0 1 0 1 1 1 0]
[1 1 0 1 0 1 1 1]

-----250-----
[0 1 1 0 1 0 1 0]
[1 1 0 1 1 1 1 1]
[0 1 1 0 1 1 1 1]
[1 0 1 1 0 1 1 1]
[1 1 0 1 1 0 1 1]
[1 0 0 0 0 1 1 1]
[1 0 1 0 1 0 0 1]
[1 1 0 1 0 1 0 0]

-----251-----
[1 1 1 0 1 0 1 0]
[1 0 0 1 1 1 1 1]
[0 1 0 0 1 1 1 1]
[1 0 1 0 0 1 1 1]
[1 1 0 1 0 0 1 1]
[1 0 0 0 0 0 1 1]
[1 0 1 0 1 0 1 1]
[1 1 0 1 0 1 0 1]

-----252-----
[0 1 1 0 1 0 0 1]
[0 1 0 1 1 1 0 1]
[1 0 1 0 1 1 1 0]
[1 1 0 1 0 1 1 1]
[1 1 1 0 1 0 1 1]
[1 0 0 1 1 1 0 0]
[1 0 1 0 0 1 1 1]
[1 1 0 1 0 0 1 1]

-----253-----
[1 1 1 0 1 0 0 1]
[0 0 0 1 1 1 0 1]
[1 0 0 0 1 1 1 0]
[1 1 0 0 0 1 1 1]
[1 1 1 0 0 0 1 1]
[1 0 0 1 1 0 0 0]
[1 0 1 0 0 1 0 1]
[1 1 0 1 0 0 1 0]

-----254-----
[0 1 1 0 1 0 0 0]
[1 1 0 1 1 1 0 0]
[1 1 1 0 1 1 1 0]
[1 1 1 1 0 1 1 1]
[1 1 1 1 1 0 1 1]
[1 0 0 1 0 1 0 1]
[1 0 1 0 0 0 1 0]
[1 1 0 1 0 0 0 1]

-----255-----
[1 1 1 0 1 0 0 0]
[1 0 0 1 1 1 0 0]
[1 1 0 0 1 1 1 0]
[1 1 1 0 0 1 1 1]
[1 1 1 1 0 0 1 1]
[1 0 0 1 0 0 0 1]
[1 0 1 0 0 0 0 0]
[1 1 0 1 0 0 0 0]
