
-----1-----
[1 0 0 0 0 0]
[0 1 0 0 0 0]
[0 0 1 0 0 0]
[0 0 0 1 0 0]
[0 0 0 0 1 0]
[0 0 0 0 0 1]

-----2-----
[0 0 0 0 0 1]
[1 0 0 0 0 1]
[0 1 0 0 0 1]
[0 0 1 0 0 0]
[0 0 0 1 0 0]
[0 0 0 0 1 1]

-----3-----
[1 0 0 0 0 1]
[1 1 0 0 0 1]
[0 1 1 0 0 1]
[0 0 1 1 0 0]
[0 0 0 1 1 0]
[0 0 0 0 1 0]

-----4-----
[0 0 0 0 1 1]
[0 0 0 0 1 0]
[1 0 0 0 1 0]
[0 1 0 0 0 1]
[0 0 1 0 0 0]
[0 0 0 1 1 1]

-----5-----
[1 0 0 0 1 1]
[0 1 0 0 1 0]
[1 0 1 0 1 0]
[0 1 0 1 0 1]
[0 0 1 0 1 0]
[0 0 0 1 1 0]

-----6-----
[0 0 0 0 1 0]
[1 0 0 0 1 1]
[1 1 0 0 1 1]
[0 1 1 0 0 1]
[0 0 1 1 0 0]
[0 0 0 1 0 0]

-----7-----
[1 0 0 0 1 0]
[1 1 0 0 1 1]
[1 1 1 0 1 1]
[0 1 1 1 0 1]
[0 0 1 1 1 0]
[0 0 0 1 0 1]

-----8-----
[0 0 0 1 1 1]
[0 0 0 1 0 0]
[0 0 0 1 0 1]
[1 0 0 0 1 0]
[0 1 0 0 0 1]
[0 0 1 1 1 1]

-----9-----
[1 0 0 1 1 1]
[0 1 0 1 0 0]
[0 0 1 1 0 1]
[1 0 0 1 1 0]
[0 1 0 0 1 1]
[0 0 1 1 1 0]

-----10-----
[0 0 0 1 1 0]
[1 0 0 1 0 1]
[0 1 0 1 0 0]
[1 0 1 0 1 0]
[0 1 0 1 0 1]
[0 0 1 1 0 0]

-----11-----
[1 0 0 1 1 0]
[1 1 0 1 0 1]
[0 1 1 1 0 0]
[1 0 1 1 1 0]
[0 1 0 1 1 1]
[0 0 1 1 0 1]

-----12-----
[0 0 0 1 0 0]
[0 0 0 1 1 0]
[1 0 0 1 1 1]
[1 1 0 0 1 1]
[0 1 1 0 0 1]
[0 0 1 0 0 0]

-----13-----
[1 0 0 1 0 0]
[0 1 0 1 1 0]
[1 0 1 1 1 1]
[1 1 0 1 1 1]
[0 1 1 0 1 1]
[0 0 1 0 0 1]

-----14-----
[0 0 0 1 0 1]
[1 0 0 1 1 1]
[1 1 0 1 1 0]
[1 1 1 0 1 1]
[0 1 1 1 0 1]
[0 0 1 0 1 1]

-----15-----
[1 0 0 1 0 1]
[1 1 0 1 1 1]
[1 1 1 1 1 0]
[1 1 1 1 1 1]
[0 1 1 1 1 1]
[0 0 1 0 1 0]

-----16-----
[0 0 1 1 1 1]
[0 0 1 0 0 0]
[0 0 1 0 1 1]
[0 0 0 1 0 1]
[1 0 0 0 1 0]
[0 1 1 1 1 0]

-----17-----
[1 0 1 1 1 1]
[0 1 1 0 0 0]
[0 0 0 0 1 1]
[0 0 0 0 0 1]
[1 0 0 0 0 0]
[0 1 1 1 1 1]

-----18-----
[0 0 1 1 1 0]
[1 0 1 0 0 1]
[0 1 1 0 1 0]
[0 0 1 1 0 1]
[1 0 0 1 1 0]
[0 1 1 1 0 1]

-----19-----
[1 0 1 1 1 0]
[1 1 1 0 0 1]
[0 1 0 0 1 0]
[0 0 1 0 0 1]
[1 0 0 1 0 0]
[0 1 1 1 0 0]

-----20-----
[0 0 1 1 0 0]
[0 0 1 0 1 0]
[1 0 1 0 0 1]
[0 1 0 1 0 0]
[1 0 1 0 1 0]
[0 1 1 0 0 1]

-----21-----
[1 0 1 1 0 0]
[0 1 1 0 1 0]
[1 0 0 0 0 1]
[0 1 0 0 0 0]
[1 0 1 0 0 0]
[0 1 1 0 0 0]

-----22-----
[0 0 1 1 0 1]
[1 0 1 0 1 1]
[1 1 1 0 0 0]
[0 1 1 1 0 0]
[1 0 1 1 1 0]
[0 1 1 0 1 0]

-----23-----
[1 0 1 1 0 1]
[1 1 1 0 1 1]
[1 1 0 0 0 0]
[0 1 1 0 0 0]
[1 0 1 1 0 0]
[0 1 1 0 1 1]

-----24-----
[0 0 1 0 0 0]
[0 0 1 1 0 0]
[0 0 1 1 1 0]
[1 0 0 1 1 1]
[1 1 0 0 1 1]
[0 1 0 0 0 1]

-----25-----
[1 0 1 0 0 0]
[0 1 1 1 0 0]
[0 0 0 1 1 0]
[1 0 0 0 1 1]
[1 1 0 0 0 1]
[0 1 0 0 0 0]

-----26-----
[0 0 1 0 0 1]
[1 0 1 1 0 1]
[0 1 1 1 1 1]
[1 0 1 1 1 1]
[1 1 0 1 1 1]
[0 1 0 0 1 0]

-----27-----
[1 0 1 0 0 1]
[1 1 1 1 0 1]
[0 1 0 1 1 1]
[1 0 1 0 1 1]
[1 1 0 1 0 1]
[0 1 0 0 1 1]

-----28-----
[0 0 1 0 1 1]
[0 0 1 1 1 0]
[1 0 1 1 0 0]
[1 1 0 1 1 0]
[1 1 1 0 1 1]
[0 1 0 1 1 0]

-----29-----
[1 0 1 0 1 1]
[0 1 1 1 1 0]
[1 0 0 1 0 0]
[1 1 0 0 1 0]
[1 1 1 0 0 1]
[0 1 0 1 1 1]

-----30-----
[0 0 1 0 1 0]
[1 0 1 1 1 1]
[1 1 1 1 0 1]
[1 1 1 1 1 0]
[1 1 1 1 1 1]
[0 1 0 1 0 1]

-----31-----
[1 0 1 0 1 0]
[1 1 1 1 1 1]
[1 1 0 1 0 1]
[1 1 1 0 1 0]
[1 1 1 1 0 1]
[0 1 0 1 0 0]

-----32-----
[0 1 1 1 1 0]
[0 1 0 0 0 1]
[0 1 0 1 1 0]
[0 0 1 0 1 1]
[0 0 0 1 0 1]
[1 1 1 1 0 0]

-----33-----
[1 1 1 1 1 0]
[0 0 0 0 0 1]
[0 1 1 1 1 0]
[0 0 1 1 1 1]
[0 0 0 1 1 1]
[1 1 1 1 0 1]

-----34-----
[0 1 1 1 1 1]
[1 1 0 0 0 0]
[0 0 0 1 1 1]
[0 0 0 0 1 1]
[0 0 0 0 0 1]
[1 1 1 1 1 1]

-----35-----
[1 1 1 1 1 1]
[1 0 0 0 0 0]
[0 0 1 1 1 1]
[0 0 0 1 1 1]
[0 0 0 0 1 1]
[1 1 1 1 1 0]

-----36-----
[0 1 1 1 0 1]
[0 1 0 0 1 1]
[1 1 0 1 0 0]
[0 1 1 0 1 0]
[0 0 1 1 0 1]
[1 1 1 0 1 1]

-----37-----
[1 1 1 1 0 1]
[0 0 0 0 1 1]
[1 1 1 1 0 0]
[0 1 1 1 1 0]
[0 0 1 1 1 1]
[1 1 1 0 1 0]

-----38-----
[0 1 1 1 0 0]
[1 1 0 0 1 0]
[1 0 0 1 0 1]
[0 1 0 0 1 0]
[0 0 1 0 0 1]
[1 1 1 0 0 0]

-----39-----
[1 1 1 1 0 0]
[1 0 0 0 1 0]
[1 0 1 1 0 1]
[0 1 0 1 1 0]
[0 0 1 0 1 1]
[1 1 1 0 0 1]

-----40-----
[0 1 1 0 0 1]
[0 1 0 1 0 1]
[0 1 0 0 1 1]
[1 0 1 0 0 1]
[0 1 0 1 0 0]
[1 1 0 0 1 1]

-----41-----
[1 1 1 0 0 1]
[0 0 0 1 0 1]
[0 1 1 0 1 1]
[1 0 1 1 0 1]
[0 1 0 1 1 0]
[1 1 0 0 1 0]

-----42-----
[0 1 1 0 0 0]
[1 1 0 1 0 0]
[0 0 0 0 1 0]
[1 0 0 0 0 1]
[0 1 0 0 0 0]
[1 1 0 0 0 0]

-----43-----
[1 1 1 0 0 0]
[1 0 0 1 0 0]
[0 0 1 0 1 0]
[1 0 0 1 0 1]
[0 1 0 0 1 0]
[1 1 0 0 0 1]

-----44-----
[0 1 1 0 1 0]
[0 1 0 1 1 1]
[1 1 0 0 0 1]
[1 1 1 0 0 0]
[0 1 1 1 0 0]
[1 1 0 1 0 0]

-----45-----
[1 1 1 0 1 0]
[0 0 0 1 1 1]
[1 1 1 0 0 1]
[1 1 1 1 0 0]
[0 1 1 1 1 0]
[1 1 0 1 0 1]

-----46-----
[0 1 1 0 1 1]
[1 1 0 1 1 0]
[1 0 0 0 0 0]
[1 1 0 0 0 0]
[0 1 1 0 0 0]
[1 1 0 1 1 1]

-----47-----
[1 1 1 0 1 1]
[1 0 0 1 1 0]
[1 0 1 0 0 0]
[1 1 0 1 0 0]
[0 1 1 0 1 0]
[1 1 0 1 1 0]

-----48-----
[0 1 0 0 0 1]
[0 1 1 0 0 1]
[0 1 1 1 0 1]
[0 0 1 1 1 0]
[1 0 0 1 1 1]
[1 0 0 0 1 0]

-----49-----
[1 1 0 0 0 1]
[0 0 1 0 0 1]
[0 1 0 1 0 1]
[0 0 1 0 1 0]
[1 0 0 1 0 1]
[1 0 0 0 1 1]

-----50-----
[0 1 0 0 0 0]
[1 1 1 0 0 0]
[0 0 1 1 0 0]
[0 0 0 1 1 0]
[1 0 0 0 1 1]
[1 0 0 0 0 1]

-----51-----
[1 1 0 0 0 0]
[1 0 1 0 0 0]
[0 0 0 1 0 0]
[0 0 0 0 1 0]
[1 0 0 0 0 1]
[1 0 0 0 0 0]

-----52-----
[0 1 0 0 1 0]
[0 1 1 0 1 1]
[1 1 1 1 1 1]
[0 1 1 1 1 1]
[1 0 1 1 1 1]
[1 0 0 1 0 1]

-----53-----
[1 1 0 0 1 0]
[0 0 1 0 1 1]
[1 1 0 1 1 1]
[0 1 1 0 1 1]
[1 0 1 1 0 1]
[1 0 0 1 0 0]

-----54-----
[0 1 0 0 1 1]
[1 1 1 0 1 0]
[1 0 1 1 1 0]
[0 1 0 1 1 1]
[1 0 1 0 1 1]
[1 0 0 1 1 0]

-----55-----
[1 1 0 0 1 1]
[1 0 1 0 1 0]
[1 0 0 1 1 0]
[0 1 0 0 1 1]
[1 0 1 0 0 1]
[1 0 0 1 1 1]

-----56-----
[0 1 0 1 1 0]
[0 1 1 1 0 1]
[0 1 1 0 0 0]
[1 0 1 1 0 0]
[1 1 0 1 1 0]
[1 0 1 1 0 1]

-----57-----
[1 1 0 1 1 0]
[0 0 1 1 0 1]
[0 1 0 0 0 0]
[1 0 1 0 0 0]
[1 1 0 1 0 0]
[1 0 1 1 0 0]

-----58-----
[0 1 0 1 1 1]
[1 1 1 1 0 0]
[0 0 1 0 0 1]
[1 0 0 1 0 0]
[1 1 0 0 1 0]
[1 0 1 1 1 0]

-----59-----
[1 1 0 1 1 1]
[1 0 1 1 0 0]
[0 0 0 0 0 1]
[1 0 0 0 0 0]
[1 1 0 0 0 0]
[1 0 1 1 1 1]

-----60-----
[0 1 0 1 0 1]
[0 1 1 1 1 1]
[1 1 1 0 1 0]
[1 1 1 1 0 1]
[1 1 1 1 1 0]
[1 0 1 0 1 0]

-----61-----
[1 1 0 1 0 1]
[0 0 1 1 1 1]
[1 1 0 0 1 0]
[1 1 1 0 0 1]
[1 1 1 1 0 0]
[1 0 1 0 1 1]

-----62-----
[0 1 0 1 0 0]
[1 1 1 1 1 0]
[1 0 1 0 1 1]
[1 1 0 1 0 1]
[1 1 1 0 1 0]
[1 0 1 0 0 1]

-----63-----
[1 1 0 1 0 0]
[1 0 1 1 1 0]
[1 0 0 0 1 1]
[1 1 0 0 0 1]
[1 1 1 0 0 0]
[1 0 1 0 0 0]
