
-----1-----
[1 0 0 0 0 0 0]
[0 1 0 0 0 0 0]
[0 0 1 0 0 0 0]
[0 0 0 1 0 0 0]
[0 0 0 0 1 0 0]
[0 0 0 0 0 1 0]
[0 0 0 0 0 0 1]

-----2-----
[0 0 0 0 0 0 1]
[1 0 0 0 0 0 1]
[0 1 0 0 0 0 1]
[0 0 1 0 0 0 1]
[0 0 0 1 0 0 0]
[0 0 0 0 1 0 0]
[0 0 0 0 0 1 0]

-----3-----
[1 0 0 0 0 0 1]
[1 1 0 0 0 0 1]
[0 1 1 0 0 0 1]
[0 0 1 1 0 0 1]
[0 0 0 1 1 0 0]
[0 0 0 0 1 1 0]
[0 0 0 0 0 1 1]

-----4-----
[0 0 0 0 0 1 0]
[0 0 0 0 0 1 1]
[1 0 0 0 0 1 1]
[0 1 0 0 0 1 1]
[0 0 1 0 0 0 1]
[0 0 0 1 0 0 0]
[0 0 0 0 1 0 0]

-----5-----
[1 0 0 0 0 1 0]
[0 1 0 0 0 1 1]
[1 0 1 0 0 1 1]
[0 1 0 1 0 1 1]
[0 0 1 0 1 0 1]
[0 0 0 1 0 1 0]
[0 0 0 0 1 0 1]

-----6-----
[0 0 0 0 0 1 1]
[1 0 0 0 0 1 0]
[1 1 0 0 0 1 0]
[0 1 1 0 0 1 0]
[0 0 1 1 0 0 1]
[0 0 0 1 1 0 0]
[0 0 0 0 1 1 0]

-----7-----
[1 0 0 0 0 1 1]
[1 1 0 0 0 1 0]
[1 1 1 0 0 1 0]
[0 1 1 1 0 1 0]
[0 0 1 1 1 0 1]
[0 0 0 1 1 1 0]
[0 0 0 0 1 1 1]

-----8-----
[0 0 0 0 1 0 0]
[0 0 0 0 1 1 0]
[0 0 0 0 1 1 1]
[1 0 0 0 1 1 1]
[0 1 0 0 0 1 1]
[0 0 1 0 0 0 1]
[0 0 0 1 0 0 0]

-----9-----
[1 0 0 0 1 0 0]
[0 1 0 0 1 1 0]
[0 0 1 0 1 1 1]
[1 0 0 1 1 1 1]
[0 1 0 0 1 1 1]
[0 0 1 0 0 1 1]
[0 0 0 1 0 0 1]

-----10-----
[0 0 0 0 1 0 1]
[1 0 0 0 1 1 1]
[0 1 0 0 1 1 0]
[1 0 1 0 1 1 0]
[0 1 0 1 0 1 1]
[0 0 1 0 1 0 1]
[0 0 0 1 0 1 0]

-----11-----
[1 0 0 0 1 0 1]
[1 1 0 0 1 1 1]
[0 1 1 0 1 1 0]
[1 0 1 1 1 1 0]
[0 1 0 1 1 1 1]
[0 0 1 0 1 1 1]
[0 0 0 1 0 1 1]

-----12-----
[0 0 0 0 1 1 0]
[0 0 0 0 1 0 1]
[1 0 0 0 1 0 0]
[1 1 0 0 1 0 0]
[0 1 1 0 0 1 0]
[0 0 1 1 0 0 1]
[0 0 0 1 1 0 0]

-----13-----
[1 0 0 0 1 1 0]
[0 1 0 0 1 0 1]
[1 0 1 0 1 0 0]
[1 1 0 1 1 0 0]
[0 1 1 0 1 1 0]
[0 0 1 1 0 1 1]
[0 0 0 1 1 0 1]

-----14-----
[0 0 0 0 1 1 1]
[1 0 0 0 1 0 0]
[1 1 0 0 1 0 1]
[1 1 1 0 1 0 1]
[0 1 1 1 0 1 0]
[0 0 1 1 1 0 1]
[0 0 0 1 1 1 0]

-----15-----
[1 0 0 0 1 1 1]
[1 1 0 0 1 0 0]
[1 1 1 0 1 0 1]
[1 1 1 1 1 0 1]
[0 1 1 1 1 1 0]
[0 0 1 1 1 1 1]
[0 0 0 1 1 1 1]

-----16-----
[0 0 0 1 0 0 0]
[0 0 0 1 1 0 0]
[0 0 0 1 1 1 0]
[0 0 0 1 1 1 1]
[1 0 0 0 1 1 1]
[0 1 0 0 0 1 1]
[0 0 1 0 0 0 1]

-----17-----
[1 0 0 1 0 0 0]
[0 1 0 1 1 0 0]
[0 0 1 1 1 1 0]
[0 0 0 0 1 1 1]
[1 0 0 0 0 1 1]
[0 1 0 0 0 0 1]
[0 0 1 0 0 0 0]

-----18-----
[0 0 0 1 0 0 1]
[1 0 0 1 1 0 1]
[0 1 0 1 1 1 1]
[0 0 1 1 1 1 0]
[1 0 0 1 1 1 1]
[0 1 0 0 1 1 1]
[0 0 1 0 0 1 1]

-----19-----
[1 0 0 1 0 0 1]
[1 1 0 1 1 0 1]
[0 1 1 1 1 1 1]
[0 0 1 0 1 1 0]
[1 0 0 1 0 1 1]
[0 1 0 0 1 0 1]
[0 0 1 0 0 1 0]

-----20-----
[0 0 0 1 0 1 0]
[0 0 0 1 1 1 1]
[1 0 0 1 1 0 1]
[0 1 0 1 1 0 0]
[1 0 1 0 1 1 0]
[0 1 0 1 0 1 1]
[0 0 1 0 1 0 1]

-----21-----
[1 0 0 1 0 1 0]
[0 1 0 1 1 1 1]
[1 0 1 1 1 0 1]
[0 1 0 0 1 0 0]
[1 0 1 0 0 1 0]
[0 1 0 1 0 0 1]
[0 0 1 0 1 0 0]

-----22-----
[0 0 0 1 0 1 1]
[1 0 0 1 1 1 0]
[1 1 0 1 1 0 0]
[0 1 1 1 1 0 1]
[1 0 1 1 1 1 0]
[0 1 0 1 1 1 1]
[0 0 1 0 1 1 1]

-----23-----
[1 0 0 1 0 1 1]
[1 1 0 1 1 1 0]
[1 1 1 1 1 0 0]
[0 1 1 0 1 0 1]
[1 0 1 1 0 1 0]
[0 1 0 1 1 0 1]
[0 0 1 0 1 1 0]

-----24-----
[0 0 0 1 1 0 0]
[0 0 0 1 0 1 0]
[0 0 0 1 0 0 1]
[1 0 0 1 0 0 0]
[1 1 0 0 1 0 0]
[0 1 1 0 0 1 0]
[0 0 1 1 0 0 1]

-----25-----
[1 0 0 1 1 0 0]
[0 1 0 1 0 1 0]
[0 0 1 1 0 0 1]
[1 0 0 0 0 0 0]
[1 1 0 0 0 0 0]
[0 1 1 0 0 0 0]
[0 0 1 1 0 0 0]

-----26-----
[0 0 0 1 1 0 1]
[1 0 0 1 0 1 1]
[0 1 0 1 0 0 0]
[1 0 1 1 0 0 1]
[1 1 0 1 1 0 0]
[0 1 1 0 1 1 0]
[0 0 1 1 0 1 1]

-----27-----
[1 0 0 1 1 0 1]
[1 1 0 1 0 1 1]
[0 1 1 1 0 0 0]
[1 0 1 0 0 0 1]
[1 1 0 1 0 0 0]
[0 1 1 0 1 0 0]
[0 0 1 1 0 1 0]

-----28-----
[0 0 0 1 1 1 0]
[0 0 0 1 0 0 1]
[1 0 0 1 0 1 0]
[1 1 0 1 0 1 1]
[1 1 1 0 1 0 1]
[0 1 1 1 0 1 0]
[0 0 1 1 1 0 1]

-----29-----
[1 0 0 1 1 1 0]
[0 1 0 1 0 0 1]
[1 0 1 1 0 1 0]
[1 1 0 0 0 1 1]
[1 1 1 0 0 0 1]
[0 1 1 1 0 0 0]
[0 0 1 1 1 0 0]

-----30-----
[0 0 0 1 1 1 1]
[1 0 0 1 0 0 0]
[1 1 0 1 0 1 1]
[1 1 1 1 0 1 0]
[1 1 1 1 1 0 1]
[0 1 1 1 1 1 0]
[0 0 1 1 1 1 1]

-----31-----
[1 0 0 1 1 1 1]
[1 1 0 1 0 0 0]
[1 1 1 1 0 1 1]
[1 1 1 0 0 1 0]
[1 1 1 1 0 0 1]
[0 1 1 1 1 0 0]
[0 0 1 1 1 1 0]

-----32-----
[0 0 1 0 0 0 1]
[0 0 1 1 0 0 1]
[0 0 1 1 1 0 1]
[0 0 1 1 1 1 1]
[0 0 0 1 1 1 1]
[1 0 0 0 1 1 1]
[0 1 0 0 0 1 1]

-----33-----
[1 0 1 0 0 0 1]
[0 1 1 1 0 0 1]
[0 0 0 1 1 0 1]
[0 0 1 0 1 1 1]
[0 0 0 1 0 1 1]
[1 0 0 0 1 0 1]
[0 1 0 0 0 1 0]

-----34-----
[0 0 1 0 0 0 0]
[1 0 1 1 0 0 0]
[0 1 1 1 1 0 0]
[0 0 0 1 1 1 0]
[0 0 0 0 1 1 1]
[1 0 0 0 0 1 1]
[0 1 0 0 0 0 1]

-----35-----
[1 0 1 0 0 0 0]
[1 1 1 1 0 0 0]
[0 1 0 1 1 0 0]
[0 0 0 0 1 1 0]
[0 0 0 0 0 1 1]
[1 0 0 0 0 0 1]
[0 1 0 0 0 0 0]

-----36-----
[0 0 1 0 0 1 1]
[0 0 1 1 0 1 0]
[1 0 1 1 1 1 0]
[0 1 1 1 1 0 0]
[0 0 1 1 1 1 0]
[1 0 0 1 1 1 1]
[0 1 0 0 1 1 1]

-----37-----
[1 0 1 0 0 1 1]
[0 1 1 1 0 1 0]
[1 0 0 1 1 1 0]
[0 1 1 0 1 0 0]
[0 0 1 1 0 1 0]
[1 0 0 1 1 0 1]
[0 1 0 0 1 1 0]

-----38-----
[0 0 1 0 0 1 0]
[1 0 1 1 0 1 1]
[1 1 1 1 1 1 1]
[0 1 0 1 1 0 1]
[0 0 1 0 1 1 0]
[1 0 0 1 0 1 1]
[0 1 0 0 1 0 1]

-----39-----
[1 0 1 0 0 1 0]
[1 1 1 1 0 1 1]
[1 1 0 1 1 1 1]
[0 1 0 0 1 0 1]
[0 0 1 0 0 1 0]
[1 0 0 1 0 0 1]
[0 1 0 0 1 0 0]

-----40-----
[0 0 1 0 1 0 1]
[0 0 1 1 1 1 1]
[0 0 1 1 0 1 0]
[1 0 1 1 0 0 0]
[0 1 0 1 1 0 0]
[1 0 1 0 1 1 0]
[0 1 0 1 0 1 1]

-----41-----
[1 0 1 0 1 0 1]
[0 1 1 1 1 1 1]
[0 0 0 1 0 1 0]
[1 0 1 0 0 0 0]
[0 1 0 1 0 0 0]
[1 0 1 0 1 0 0]
[0 1 0 1 0 1 0]

-----42-----
[0 0 1 0 1 0 0]
[1 0 1 1 1 1 0]
[0 1 1 1 0 1 1]
[1 0 0 1 0 0 1]
[0 1 0 0 1 0 0]
[1 0 1 0 0 1 0]
[0 1 0 1 0 0 1]

-----43-----
[1 0 1 0 1 0 0]
[1 1 1 1 1 1 0]
[0 1 0 1 0 1 1]
[1 0 0 0 0 0 1]
[0 1 0 0 0 0 0]
[1 0 1 0 0 0 0]
[0 1 0 1 0 0 0]

-----44-----
[0 0 1 0 1 1 1]
[0 0 1 1 1 0 0]
[1 0 1 1 0 0 1]
[1 1 1 1 0 1 1]
[0 1 1 1 1 0 1]
[1 0 1 1 1 1 0]
[0 1 0 1 1 1 1]

-----45-----
[1 0 1 0 1 1 1]
[0 1 1 1 1 0 0]
[1 0 0 1 0 0 1]
[1 1 1 0 0 1 1]
[0 1 1 1 0 0 1]
[1 0 1 1 1 0 0]
[0 1 0 1 1 1 0]

-----46-----
[0 0 1 0 1 1 0]
[1 0 1 1 1 0 1]
[1 1 1 1 0 0 0]
[1 1 0 1 0 1 0]
[0 1 1 0 1 0 1]
[1 0 1 1 0 1 0]
[0 1 0 1 1 0 1]

-----47-----
[1 0 1 0 1 1 0]
[1 1 1 1 1 0 1]
[1 1 0 1 0 0 0]
[1 1 0 0 0 1 0]
[0 1 1 0 0 0 1]
[1 0 1 1 0 0 0]
[0 1 0 1 1 0 0]

-----48-----
[0 0 1 1 0 0 1]
[0 0 1 0 1 0 1]
[0 0 1 0 0 1 1]
[0 0 1 0 0 0 0]
[1 0 0 1 0 0 0]
[1 1 0 0 1 0 0]
[0 1 1 0 0 1 0]

-----49-----
[1 0 1 1 0 0 1]
[0 1 1 0 1 0 1]
[0 0 0 0 0 1 1]
[0 0 1 1 0 0 0]
[1 0 0 1 1 0 0]
[1 1 0 0 1 1 0]
[0 1 1 0 0 1 1]

-----50-----
[0 0 1 1 0 0 0]
[1 0 1 0 1 0 0]
[0 1 1 0 0 1 0]
[0 0 0 0 0 0 1]
[1 0 0 0 0 0 0]
[1 1 0 0 0 0 0]
[0 1 1 0 0 0 0]

-----51-----
[1 0 1 1 0 0 0]
[1 1 1 0 1 0 0]
[0 1 0 0 0 1 0]
[0 0 0 1 0 0 1]
[1 0 0 0 1 0 0]
[1 1 0 0 0 1 0]
[0 1 1 0 0 0 1]

-----52-----
[0 0 1 1 0 1 1]
[0 0 1 0 1 1 0]
[1 0 1 0 0 0 0]
[0 1 1 0 0 1 1]
[1 0 1 1 0 0 1]
[1 1 0 1 1 0 0]
[0 1 1 0 1 1 0]

-----53-----
[1 0 1 1 0 1 1]
[0 1 1 0 1 1 0]
[1 0 0 0 0 0 0]
[0 1 1 1 0 1 1]
[1 0 1 1 1 0 1]
[1 1 0 1 1 1 0]
[0 1 1 0 1 1 1]

-----54-----
[0 0 1 1 0 1 0]
[1 0 1 0 1 1 1]
[1 1 1 0 0 0 1]
[0 1 0 0 0 1 0]
[1 0 1 0 0 0 1]
[1 1 0 1 0 0 0]
[0 1 1 0 1 0 0]

-----55-----
[1 0 1 1 0 1 0]
[1 1 1 0 1 1 1]
[1 1 0 0 0 0 1]
[0 1 0 1 0 1 0]
[1 0 1 0 1 0 1]
[1 1 0 1 0 1 0]
[0 1 1 0 1 0 1]

-----56-----
[0 0 1 1 1 0 1]
[0 0 1 0 0 1 1]
[0 0 1 0 1 0 0]
[1 0 1 0 1 1 1]
[1 1 0 1 0 1 1]
[1 1 1 0 1 0 1]
[0 1 1 1 0 1 0]

-----57-----
[1 0 1 1 1 0 1]
[0 1 1 0 0 1 1]
[0 0 0 0 1 0 0]
[1 0 1 1 1 1 1]
[1 1 0 1 1 1 1]
[1 1 1 0 1 1 1]
[0 1 1 1 0 1 1]

-----58-----
[0 0 1 1 1 0 0]
[1 0 1 0 0 1 0]
[0 1 1 0 1 0 1]
[1 0 0 0 1 1 0]
[1 1 0 0 0 1 1]
[1 1 1 0 0 0 1]
[0 1 1 1 0 0 0]

-----59-----
[1 0 1 1 1 0 0]
[1 1 1 0 0 1 0]
[0 1 0 0 1 0 1]
[1 0 0 1 1 1 0]
[1 1 0 0 1 1 1]
[1 1 1 0 0 1 1]
[0 1 1 1 0 0 1]

-----60-----
[0 0 1 1 1 1 1]
[0 0 1 0 0 0 0]
[1 0 1 0 1 1 1]
[1 1 1 0 1 0 0]
[1 1 1 1 0 1 0]
[1 1 1 1 1 0 1]
[0 1 1 1 1 1 0]

-----61-----
[1 0 1 1 1 1 1]
[0 1 1 0 0 0 0]
[1 0 0 0 1 1 1]
[1 1 1 1 1 0 0]
[1 1 1 1 1 1 0]
[1 1 1 1 1 1 1]
[0 1 1 1 1 1 1]

-----62-----
[0 0 1 1 1 1 0]
[1 0 1 0 0 0 1]
[1 1 1 0 1 1 0]
[1 1 0 0 1 0 1]
[1 1 1 0 0 1 0]
[1 1 1 1 0 0 1]
[0 1 1 1 1 0 0]

-----63-----
[1 0 1 1 1 1 0]
[1 1 1 0 0 0 1]
[1 1 0 0 1 1 0]
[1 1 0 1 1 0 1]
[1 1 1 0 1 1 0]
[1 1 1 1 0 1 1]
[0 1 1 1 1 0 1]

-----64-----
[0 1 0 0 0 1 1]
[0 1 1 0 0 1 0]
[0 1 1 1 0 1 0]
[0 1 1 1 1 1 0]
[0 0 1 1 1 1 1]
[0 0 0 1 1 1 1]
[1 0 0 0 1 1 1]

-----65-----
[1 1 0 0 0 1 1]
[0 0 1 0 0 1 0]
[0 1 0 1 0 1 0]
[0 1 1 0 1 1 0]
[0 0 1 1 0 1 1]
[0 0 0 1 1 0 1]
[1 0 0 0 1 1 0]

-----66-----
[0 1 0 0 0 1 0]
[1 1 1 0 0 1 1]
[0 0 1 1 0 1 1]
[0 1 0 1 1 1 1]
[0 0 1 0 1 1 1]
[0 0 0 1 0 1 1]
[1 0 0 0 1 0 1]

-----67-----
[1 1 0 0 0 1 0]
[1 0 1 0 0 1 1]
[0 0 0 1 0 1 1]
[0 1 0 0 1 1 1]
[0 0 1 0 0 1 1]
[0 0 0 1 0 0 1]
[1 0 0 0 1 0 0]

-----68-----
[0 1 0 0 0 0 1]
[0 1 1 0 0 0 1]
[1 1 1 1 0 0 1]
[0 0 1 1 1 0 1]
[0 0 0 1 1 1 0]
[0 0 0 0 1 1 1]
[1 0 0 0 0 1 1]

-----69-----
[1 1 0 0 0 0 1]
[0 0 1 0 0 0 1]
[1 1 0 1 0 0 1]
[0 0 1 0 1 0 1]
[0 0 0 1 0 1 0]
[0 0 0 0 1 0 1]
[1 0 0 0 0 1 0]

-----70-----
[0 1 0 0 0 0 0]
[1 1 1 0 0 0 0]
[1 0 1 1 0 0 0]
[0 0 0 1 1 0 0]
[0 0 0 0 1 1 0]
[0 0 0 0 0 1 1]
[1 0 0 0 0 0 1]

-----71-----
[1 1 0 0 0 0 0]
[1 0 1 0 0 0 0]
[1 0 0 1 0 0 0]
[0 0 0 0 1 0 0]
[0 0 0 0 0 1 0]
[0 0 0 0 0 0 1]
[1 0 0 0 0 0 0]

-----72-----
[0 1 0 0 1 1 1]
[0 1 1 0 1 0 0]
[0 1 1 1 1 0 1]
[1 1 1 1 0 0 1]
[0 1 1 1 1 0 0]
[0 0 1 1 1 1 0]
[1 0 0 1 1 1 1]

-----73-----
[1 1 0 0 1 1 1]
[0 0 1 0 1 0 0]
[0 1 0 1 1 0 1]
[1 1 1 0 0 0 1]
[0 1 1 1 0 0 0]
[0 0 1 1 1 0 0]
[1 0 0 1 1 1 0]

-----74-----
[0 1 0 0 1 1 0]
[1 1 1 0 1 0 1]
[0 0 1 1 1 0 0]
[1 1 0 1 0 0 0]
[0 1 1 0 1 0 0]
[0 0 1 1 0 1 0]
[1 0 0 1 1 0 1]

-----75-----
[1 1 0 0 1 1 0]
[1 0 1 0 1 0 1]
[0 0 0 1 1 0 0]
[1 1 0 0 0 0 0]
[0 1 1 0 0 0 0]
[0 0 1 1 0 0 0]
[1 0 0 1 1 0 0]

-----76-----
[0 1 0 0 1 0 1]
[0 1 1 0 1 1 1]
[1 1 1 1 1 1 0]
[1 0 1 1 0 1 0]
[0 1 0 1 1 0 1]
[0 0 1 0 1 1 0]
[1 0 0 1 0 1 1]

-----77-----
[1 1 0 0 1 0 1]
[0 0 1 0 1 1 1]
[1 1 0 1 1 1 0]
[1 0 1 0 0 1 0]
[0 1 0 1 0 0 1]
[0 0 1 0 1 0 0]
[1 0 0 1 0 1 0]

-----78-----
[0 1 0 0 1 0 0]
[1 1 1 0 1 1 0]
[1 0 1 1 1 1 1]
[1 0 0 1 0 1 1]
[0 1 0 0 1 0 1]
[0 0 1 0 0 1 0]
[1 0 0 1 0 0 1]

-----79-----
[1 1 0 0 1 0 0]
[1 0 1 0 1 1 0]
[1 0 0 1 1 1 1]
[1 0 0 0 0 1 1]
[0 1 0 0 0 0 1]
[0 0 1 0 0 0 0]
[1 0 0 1 0 0 0]

-----80-----
[0 1 0 1 0 1 1]
[0 1 1 1 1 1 0]
[0 1 1 0 1 0 0]
[0 1 1 0 0 0 1]
[1 0 1 1 0 0 0]
[0 1 0 1 1 0 0]
[1 0 1 0 1 1 0]

-----81-----
[1 1 0 1 0 1 1]
[0 0 1 1 1 1 0]
[0 1 0 0 1 0 0]
[0 1 1 1 0 0 1]
[1 0 1 1 1 0 0]
[0 1 0 1 1 1 0]
[1 0 1 0 1 1 1]

-----82-----
[0 1 0 1 0 1 0]
[1 1 1 1 1 1 1]
[0 0 1 0 1 0 1]
[0 1 0 0 0 0 0]
[1 0 1 0 0 0 0]
[0 1 0 1 0 0 0]
[1 0 1 0 1 0 0]

-----83-----
[1 1 0 1 0 1 0]
[1 0 1 1 1 1 1]
[0 0 0 0 1 0 1]
[0 1 0 1 0 0 0]
[1 0 1 0 1 0 0]
[0 1 0 1 0 1 0]
[1 0 1 0 1 0 1]

-----84-----
[0 1 0 1 0 0 1]
[0 1 1 1 1 0 1]
[1 1 1 0 1 1 1]
[0 0 1 0 0 1 0]
[1 0 0 1 0 0 1]
[0 1 0 0 1 0 0]
[1 0 1 0 0 1 0]

-----85-----
[1 1 0 1 0 0 1]
[0 0 1 1 1 0 1]
[1 1 0 0 1 1 1]
[0 0 1 1 0 1 0]
[1 0 0 1 1 0 1]
[0 1 0 0 1 1 0]
[1 0 1 0 0 1 1]

-----86-----
[0 1 0 1 0 0 0]
[1 1 1 1 1 0 0]
[1 0 1 0 1 1 0]
[0 0 0 0 0 1 1]
[1 0 0 0 0 0 1]
[0 1 0 0 0 0 0]
[1 0 1 0 0 0 0]

-----87-----
[1 1 0 1 0 0 0]
[1 0 1 1 1 0 0]
[1 0 0 0 1 1 0]
[0 0 0 1 0 1 1]
[1 0 0 0 1 0 1]
[0 1 0 0 0 1 0]
[1 0 1 0 0 0 1]

-----88-----
[0 1 0 1 1 1 1]
[0 1 1 1 0 0 0]
[0 1 1 0 0 1 1]
[1 1 1 0 1 1 0]
[1 1 1 1 0 1 1]
[0 1 1 1 1 0 1]
[1 0 1 1 1 1 0]

-----89-----
[1 1 0 1 1 1 1]
[0 0 1 1 0 0 0]
[0 1 0 0 0 1 1]
[1 1 1 1 1 1 0]
[1 1 1 1 1 1 1]
[0 1 1 1 1 1 1]
[1 0 1 1 1 1 1]

-----90-----
[0 1 0 1 1 1 0]
[1 1 1 1 0 0 1]
[0 0 1 0 0 1 0]
[1 1 0 0 1 1 1]
[1 1 1 0 0 1 1]
[0 1 1 1 0 0 1]
[1 0 1 1 1 0 0]

-----91-----
[1 1 0 1 1 1 0]
[1 0 1 1 0 0 1]
[0 0 0 0 0 1 0]
[1 1 0 1 1 1 1]
[1 1 1 0 1 1 1]
[0 1 1 1 0 1 1]
[1 0 1 1 1 0 1]

-----92-----
[0 1 0 1 1 0 1]
[0 1 1 1 0 1 1]
[1 1 1 0 0 0 0]
[1 0 1 0 1 0 1]
[1 1 0 1 0 1 0]
[0 1 1 0 1 0 1]
[1 0 1 1 0 1 0]

-----93-----
[1 1 0 1 1 0 1]
[0 0 1 1 0 1 1]
[1 1 0 0 0 0 0]
[1 0 1 1 1 0 1]
[1 1 0 1 1 1 0]
[0 1 1 0 1 1 1]
[1 0 1 1 0 1 1]

-----94-----
[0 1 0 1 1 0 0]
[1 1 1 1 0 1 0]
[1 0 1 0 0 0 1]
[1 0 0 0 1 0 0]
[1 1 0 0 0 1 0]
[0 1 1 0 0 0 1]
[1 0 1 1 0 0 0]

-----95-----
[1 1 0 1 1 0 0]
[1 0 1 1 0 1 0]
[1 0 0 0 0 0 1]
[1 0 0 1 1 0 0]
[1 1 0 0 1 1 0]
[0 1 1 0 0 1 1]
[1 0 1 1 0 0 1]

-----96-----
[0 1 1 0 0 1 0]
[0 1 0 1 0 1 1]
[0 1 0 0 1 1 1]
[0 1 0 0 0 0 1]
[0 0 1 0 0 0 0]
[1 0 0 1 0 0 0]
[1 1 0 0 1 0 0]

-----97-----
[1 1 1 0 0 1 0]
[0 0 0 1 0 1 1]
[0 1 1 0 1 1 1]
[0 1 0 1 0 0 1]
[0 0 1 0 1 0 0]
[1 0 0 1 0 1 0]
[1 1 0 0 1 0 1]

-----98-----
[0 1 1 0 0 1 1]
[1 1 0 1 0 1 0]
[0 0 0 0 1 1 0]
[0 1 1 0 0 0 0]
[0 0 1 1 0 0 0]
[1 0 0 1 1 0 0]
[1 1 0 0 1 1 0]

-----99-----
[1 1 1 0 0 1 1]
[1 0 0 1 0 1 0]
[0 0 1 0 1 1 0]
[0 1 1 1 0 0 0]
[0 0 1 1 1 0 0]
[1 0 0 1 1 1 0]
[1 1 0 0 1 1 1]

-----100-----
[0 1 1 0 0 0 0]
[0 1 0 1 0 0 0]
[1 1 0 0 1 0 0]
[0 0 0 0 0 1 0]
[0 0 0 0 0 0 1]
[1 0 0 0 0 0 0]
[1 1 0 0 0 0 0]

-----101-----
[1 1 1 0 0 0 0]
[0 0 0 1 0 0 0]
[1 1 1 0 1 0 0]
[0 0 0 1 0 1 0]
[0 0 0 0 1 0 1]
[1 0 0 0 0 1 0]
[1 1 0 0 0 0 1]

-----102-----
[0 1 1 0 0 0 1]
[1 1 0 1 0 0 1]
[1 0 0 0 1 0 1]
[0 0 1 0 0 1 1]
[0 0 0 1 0 0 1]
[1 0 0 0 1 0 0]
[1 1 0 0 0 1 0]

-----103-----
[1 1 1 0 0 0 1]
[1 0 0 1 0 0 1]
[1 0 1 0 1 0 1]
[0 0 1 1 0 1 1]
[0 0 0 1 1 0 1]
[1 0 0 0 1 1 0]
[1 1 0 0 0 1 1]

-----104-----
[0 1 1 0 1 1 0]
[0 1 0 1 1 0 1]
[0 1 0 0 0 0 0]
[1 1 0 0 1 1 0]
[0 1 1 0 0 1 1]
[1 0 1 1 0 0 1]
[1 1 0 1 1 0 0]

-----105-----
[1 1 1 0 1 1 0]
[0 0 0 1 1 0 1]
[0 1 1 0 0 0 0]
[1 1 0 1 1 1 0]
[0 1 1 0 1 1 1]
[1 0 1 1 0 1 1]
[1 1 0 1 1 0 1]

-----106-----
[0 1 1 0 1 1 1]
[1 1 0 1 1 0 0]
[0 0 0 0 0 0 1]
[1 1 1 0 1 1 1]
[0 1 1 1 0 1 1]
[1 0 1 1 1 0 1]
[1 1 0 1 1 1 0]

-----107-----
[1 1 1 0 1 1 1]
[1 0 0 1 1 0 0]
[0 0 1 0 0 0 1]
[1 1 1 1 1 1 1]
[0 1 1 1 1 1 1]
[1 0 1 1 1 1 1]
[1 1 0 1 1 1 1]

-----108-----
[0 1 1 0 1 0 0]
[0 1 0 1 1 1 0]
[1 1 0 0 0 1 1]
[1 0 0 0 1 0 1]
[0 1 0 0 0 1 0]
[1 0 1 0 0 0 1]
[1 1 0 1 0 0 0]

-----109-----
[1 1 1 0 1 0 0]
[0 0 0 1 1 1 0]
[1 1 1 0 0 1 1]
[1 0 0 1 1 0 1]
[0 1 0 0 1 1 0]
[1 0 1 0 0 1 1]
[1 1 0 1 0 0 1]

-----110-----
[0 1 1 0 1 0 1]
[1 1 0 1 1 1 1]
[1 0 0 0 0 1 0]
[1 0 1 0 1 0 0]
[0 1 0 1 0 1 0]
[1 0 1 0 1 0 1]
[1 1 0 1 0 1 0]

-----111-----
[1 1 1 0 1 0 1]
[1 0 0 1 1 1 1]
[1 0 1 0 0 1 0]
[1 0 1 1 1 0 0]
[0 1 0 1 1 1 0]
[1 0 1 0 1 1 1]
[1 1 0 1 0 1 1]

-----112-----
[0 1 1 1 0 1 0]
[0 1 0 0 1 1 1]
[0 1 0 1 0 0 1]
[0 1 0 1 1 1 0]
[1 0 1 0 1 1 1]
[1 1 0 1 0 1 1]
[1 1 1 0 1 0 1]

-----113-----
[1 1 1 1 0 1 0]
[0 0 0 0 1 1 1]
[0 1 1 1 0 0 1]
[0 1 0 0 1 1 0]
[1 0 1 0 0 1 1]
[1 1 0 1 0 0 1]
[1 1 1 0 1 0 0]

-----114-----
[0 1 1 1 0 1 1]
[1 1 0 0 1 1 0]
[0 0 0 1 0 0 0]
[0 1 1 1 1 1 1]
[1 0 1 1 1 1 1]
[1 1 0 1 1 1 1]
[1 1 1 0 1 1 1]

-----115-----
[1 1 1 1 0 1 1]
[1 0 0 0 1 1 0]
[0 0 1 1 0 0 0]
[0 1 1 0 1 1 1]
[1 0 1 1 0 1 1]
[1 1 0 1 1 0 1]
[1 1 1 0 1 1 0]

-----116-----
[0 1 1 1 0 0 0]
[0 1 0 0 1 0 0]
[1 1 0 1 0 1 0]
[0 0 0 1 1 0 1]
[1 0 0 0 1 1 0]
[1 1 0 0 0 1 1]
[1 1 1 0 0 0 1]

-----117-----
[1 1 1 1 0 0 0]
[0 0 0 0 1 0 0]
[1 1 1 1 0 1 0]
[0 0 0 0 1 0 1]
[1 0 0 0 0 1 0]
[1 1 0 0 0 0 1]
[1 1 1 0 0 0 0]

-----118-----
[0 1 1 1 0 0 1]
[1 1 0 0 1 0 1]
[1 0 0 1 0 1 1]
[0 0 1 1 1 0 0]
[1 0 0 1 1 1 0]
[1 1 0 0 1 1 1]
[1 1 1 0 0 1 1]

-----119-----
[1 1 1 1 0 0 1]
[1 0 0 0 1 0 1]
[1 0 1 1 0 1 1]
[0 0 1 0 1 0 0]
[1 0 0 1 0 1 0]
[1 1 0 0 1 0 1]
[1 1 1 0 0 1 0]

-----120-----
[0 1 1 1 1 1 0]
[0 1 0 0 0 0 1]
[0 1 0 1 1 1 0]
[1 1 0 1 0 0 1]
[1 1 1 0 1 0 0]
[1 1 1 1 0 1 0]
[1 1 1 1 1 0 1]

-----121-----
[1 1 1 1 1 1 0]
[0 0 0 0 0 0 1]
[0 1 1 1 1 1 0]
[1 1 0 0 0 0 1]
[1 1 1 0 0 0 0]
[1 1 1 1 0 0 0]
[1 1 1 1 1 0 0]

-----122-----
[0 1 1 1 1 1 1]
[1 1 0 0 0 0 0]
[0 0 0 1 1 1 1]
[1 1 1 1 0 0 0]
[1 1 1 1 1 0 0]
[1 1 1 1 1 1 0]
[1 1 1 1 1 1 1]

-----123-----
[1 1 1 1 1 1 1]
[1 0 0 0 0 0 0]
[0 0 1 1 1 1 1]
[1 1 1 0 0 0 0]
[1 1 1 1 0 0 0]
[1 1 1 1 1 0 0]
[1 1 1 1 1 1 0]

-----124-----
[0 1 1 1 1 0 0]
[0 1 0 0 0 1 0]
[1 1 0 1 1 0 1]
[1 0 0 1 0 1 0]
[1 1 0 0 1 0 1]
[1 1 1 0 0 1 0]
[1 1 1 1 0 0 1]

-----125-----
[1 1 1 1 1 0 0]
[0 0 0 0 0 1 0]
[1 1 1 1 1 0 1]
[1 0 0 0 0 1 0]
[1 1 0 0 0 0 1]
[1 1 1 0 0 0 0]
[1 1 1 1 0 0 0]

-----126-----
[0 1 1 1 1 0 1]
[1 1 0 0 0 1 1]
[1 0 0 1 1 0 0]
[1 0 1 1 0 1 1]
[1 1 0 1 1 0 1]
[1 1 1 0 1 1 0]
[1 1 1 1 0 1 1]

-----127-----
[1 1 1 1 1 0 1]
[1 0 0 0 0 1 1]
[1 0 1 1 1 0 0]
[1 0 1 0 0 1 1]
[1 1 0 1 0 0 1]
[1 1 1 0 1 0 0]
[1 1 1 1 0 1 0]
